   0.0000000e+00  -1.5191373e-15  -6.0765493e-15  -1.6108243e-17   0.0000000e+00   0.0000000e+00
   1.7113131e-02  -8.4236749e-02   2.4182685e-02   1.8803948e-03   3.6834994e-04  -2.6406199e-04
  -4.2073828e-02  -2.2235243e-01  -8.2821064e-02   1.4669092e-03   3.2661300e-04   5.1920804e-04
  -8.3543297e-02  -2.0830051e-01  -1.7411232e-02   1.2502151e-03   1.6929226e-04   1.2888905e-03
  -4.5528690e-02  -7.5208331e-02  -1.0012093e-02   3.7865308e-04   4.9001919e-04   3.0095696e-04
  -3.6485374e-02  -1.9809858e-01  -9.1255666e-02   2.2612589e-04   7.8684577e-04   6.5309285e-04
  -1.8310522e-02  -5.0412129e-03  -5.6268744e-02  -9.7785601e-04   1.7310657e-04   6.6726655e-04
  -7.8776275e-03  -1.5370386e-01  -6.5292499e-02   1.2833448e-04   7.8934079e-05   6.5574529e-04
  -1.5559068e-02  -3.3349156e-02  -2.1403955e-02  -6.6658626e-04  -5.9735077e-05   7.8982828e-04
  -1.2436664e-02  -1.5261385e-01  -2.7045828e-02  -2.8201729e-04  -1.8405417e-04   8.3899401e-04
  -1.5084126e-02  -1.7365278e-01  -7.3598072e-02   6.7915682e-04   5.6711103e-04   1.1953221e-03
  -8.0724932e-02  -2.0633606e-01  -4.0336734e-02   1.8444743e-03   1.9664198e-04   1.4709312e-03
  -8.9227213e-02  -1.2090077e-01  -4.2195963e-02   7.2963048e-04   5.6045569e-05   1.1095969e-03
  -4.6724235e-02  -1.5136558e-01  -3.4435422e-02   3.6778700e-04  -6.0254075e-04   8.7702595e-04
  -3.1236260e-02  -1.4241084e-01  -1.8889075e-03   2.3783736e-03  -8.3060045e-04   9.6797459e-04
  -2.5059700e-02  -1.0984074e-01  -2.9246663e-02   4.3886067e-05  -5.4543461e-04   6.0089340e-04
  -2.7179741e-02  -3.8905688e-02   2.6005959e-02  -3.9420727e-05  -6.9244587e-04   4.3457165e-04
  -1.6429305e-02  -1.3636013e-01  -7.7785796e-02   2.8121944e-06  -7.7555540e-04   3.7168705e-04
  -5.6576691e-02  -1.9642966e-01  -9.0967792e-02   1.6703357e-03  -7.7180858e-04   1.1782468e-03
  -9.6686005e-02  -1.7089098e-01  -7.1852495e-03   1.6252546e-03  -4.8519059e-04   1.9977289e-03
  -3.9157819e-02  -1.1620443e-01   4.6122593e-02   2.6760595e-03  -1.2573811e-03   1.1872569e-03
  -5.0262071e-02  -1.7787775e-01  -3.5488362e-02   1.6612695e-03  -6.4546877e-04   9.4918612e-04
  -4.3791059e-02  -1.0388495e-01  -6.4378282e-02   3.6150200e-04  -7.3690403e-04   4.5857311e-04
  -3.3166720e-02  -3.7028857e-02  -1.6491674e-02  -3.6917633e-04  -8.1900349e-04   3.4764217e-04
  -1.7671704e-02  -1.0473123e-01   7.1121326e-02   1.6875643e-03  -1.2062624e-03   1.9548175e-04
  -1.6858653e-02  -1.1317842e-01  -2.0288727e-02  -3.9851404e-04  -7.7962878e-04   5.3310602e-04
  -4.3142835e-02  -2.1704321e-01  -8.2921564e-02   8.8383293e-04  -2.4810034e-04   1.2116202e-03
  -9.4973640e-02  -2.1482065e-01  -1.2461412e-02   1.2233000e-03  -1.6239675e-04   1.6687052e-03
  -7.4600680e-02  -8.2780492e-02   9.9897650e-03  -7.6128332e-04  -3.7871899e-04   1.9949511e-03
  -5.5860551e-02  -1.3343682e-01   2.3142448e-02   1.5331043e-04  -6.2863662e-04   1.8263388e-03
  -3.9891656e-02  -6.4215414e-02   4.5074325e-03  -1.0954659e-03  -9.9361861e-04   9.7137309e-04
  -2.1560440e-02  -6.4939606e-02   5.9170185e-02   1.2725242e-04  -1.3675218e-03   9.1209416e-04
  -1.2388876e-02  -4.5459560e-02   1.7917911e-02  -5.4124090e-04  -1.4494691e-03   7.1143216e-04
  -2.8098321e-03  -2.6791390e-02   1.6381273e-02  -2.5914525e-03  -1.4199479e-03   4.8821496e-04
  -4.1673717e-02  -1.3419180e-01  -4.0794910e-02  -1.1837689e-03  -6.6316972e-04   1.0555286e-03
  -9.9291500e-02  -1.8146677e-01   7.3124989e-03  -9.6739163e-04  -9.3964635e-04   2.1087347e-03
  -7.1096319e-02  -8.5747866e-02   2.0072106e-02   7.3262183e-04  -1.0683997e-03   1.3019987e-03
  -5.4381278e-02  -1.4518050e-01  -1.7827033e-02  -3.9012605e-04  -9.8734145e-04   9.6439453e-04
  -2.8275557e-02  -1.9144094e-02  -1.4946324e-02  -8.7607938e-04  -9.9714261e-04   5.6689671e-04
  -3.1036015e-02  -1.0744388e-01   8.7037675e-03   9.3965198e-04  -1.0216458e-03   7.0334231e-04
  -9.4643582e-03   4.4877233e-02   5.0630104e-02  -1.1056149e-03  -9.4835752e-04   3.1905353e-04
  -1.7558567e-02  -9.5806450e-02  -2.5601750e-03  -7.3427485e-04  -8.1515120e-04   1.5197967e-04
   4.0008673e-04  -5.2437319e-02   6.6138883e-02   6.0513369e-04  -9.6553231e-04  -2.1176797e-04
   6.6502036e-03  -5.5390565e-02   1.1693173e-02   9.7592936e-04  -1.0467831e-03  -6.5825178e-05
  -5.0936386e-03  -1.5098106e-02   1.4423830e-02  -1.9111800e-03  -1.1276233e-03  -3.1549801e-05
   1.4701937e-02  -1.1002583e-02   4.6321909e-02  -6.1800265e-04  -1.0332011e-03  -2.7019014e-04
   2.7402261e-02  -2.5926532e-02  -3.3522280e-02  -3.0922621e-03  -1.0789547e-03   1.4267223e-04
   3.6067329e-03  -1.5838713e-01  -3.0085578e-02  -1.3145066e-03  -1.2125219e-03   7.8727082e-04
  -2.5331495e-02  -1.2944212e-01  -5.4413514e-05  -1.0748842e-03  -8.3330268e-04   1.5616862e-03
  -3.0078287e-03  -8.3050976e-02   5.3161867e-02   1.4662209e-03  -8.6562194e-04   8.3378904e-05
  -8.1529120e-03  -9.0735413e-02   7.3563044e-02   4.7863513e-04  -8.3648526e-04   2.5814571e-04
   4.5247302e-03  -7.0046733e-02   4.7487660e-02   1.3730053e-04  -1.0429561e-03   9.5693803e-05
   1.3342041e-02  -1.3836312e-02   1.1160408e-01  -5.6225762e-04  -1.2585222e-03  -5.1238481e-05
   1.4849570e-02  -2.4827824e-02   1.5665637e-01   6.9849571e-06  -1.3600118e-03  -1.1655936e-04
   2.0649527e-02  -9.6458880e-02   9.0128057e-02  -3.4327416e-04  -1.4555217e-03   5.5203551e-05
  -3.9077317e-03  -1.5322394e-01   3.4091801e-02   9.4146405e-05  -8.7896503e-04   9.7722283e-04
  -2.9775831e-02  -1.6743196e-01  -6.5312651e-03   8.5211908e-04  -4.2604582e-04   8.0507576e-04
   1.8502592e-03  -1.2331934e-01   9.1893652e-02   2.0492216e-03  -1.4123384e-03   6.0197665e-04
   1.4026355e-02  -1.9886296e-01   9.6166801e-02   2.4380495e-03  -1.3884268e-03   2.6432386e-04
   2.6914566e-02  -9.3286360e-02   9.3257835e-02   1.5252634e-03  -1.7087122e-03   2.9144804e-04
   2.1282696e-02  -1.6408800e-01   4.5499265e-02   3.0918915e-03  -1.2700520e-03   2.7652717e-04
   2.5638343e-02  -7.1617228e-02   6.5003831e-02   5.0743161e-04  -1.6445238e-03   3.5078858e-04
   3.0236863e-02  -8.6683347e-02   3.0563635e-02   8.2475858e-05  -1.5472658e-03   3.1794181e-04
   1.4797732e-02  -1.7311021e-01  -1.0635154e-02   5.0971767e-04  -1.3053884e-03   4.5597633e-04
  -1.6117046e-02  -1.6720951e-01  -4.0857702e-02   1.5744047e-03  -4.5844923e-04   1.1463360e-03
   1.5353743e-02  -1.3208296e-01   5.3564529e-02   3.4189446e-03  -1.3087865e-03   5.8980749e-04
   1.8515325e-02  -1.4658212e-01   7.3221067e-03   1.3570529e-03  -1.2977403e-03   3.1528810e-04
   2.4737322e-02  -7.6060598e-02  -3.0179515e-02   5.8465395e-04  -1.3400030e-03   3.6653528e-04
   3.2438554e-02  -4.9202573e-02   2.5466980e-04  -2.1599098e-04  -1.4789705e-03   2.5744668e-04
   3.6716135e-02  -2.9610037e-02   4.2508654e-02  -2.8108588e-04  -1.4474209e-03   4.9720640e-04
   2.8409435e-02  -1.2050394e-01  -6.5760220e-02  -4.2246119e-04  -1.1988477e-03   4.9063532e-04
   9.8019606e-03  -1.3088552e-01  -1.2340640e-01   1.8346212e-03  -6.7602821e-04   7.2132695e-04
  -3.7014165e-02  -1.8113686e-01  -1.1209693e-01   1.5560194e-03  -7.7982498e-04   1.2684094e-03
  -1.6191173e-02  -7.8475041e-02  -8.7523385e-02   2.2974991e-03  -1.0835902e-03   7.9555401e-04
  -1.8635418e-02  -1.6267963e-01  -7.0095973e-02   3.5110118e-03  -6.7601074e-04   4.9082240e-04
   1.0834347e-02  -5.1590352e-02  -2.8821254e-02   1.8124359e-03  -8.7994450e-04   2.6031245e-04
   1.6076297e-02  -4.7682464e-02  -4.0465139e-02   2.6183876e-04  -1.2261869e-03   4.3460225e-04
   1.9103766e-02  -5.8799155e-02  -1.1245277e-02   1.2822780e-03  -7.8916709e-04   4.9398918e-04
   1.9632619e-02  -7.1255121e-02  -7.3160952e-02  -3.1635863e-04  -8.4441834e-04   6.4673654e-04
  -2.7723998e-02  -1.4292942e-01  -1.0580031e-01   8.0378533e-05  -4.6085868e-04   1.1849838e-03
  -9.0383248e-02  -1.5767681e-01  -7.5703754e-02   4.3659636e-04  -4.4006919e-04   1.8197532e-03
  -5.8133195e-02  -5.9951731e-02  -4.2285830e-02   2.3423469e-03  -5.7175892e-04   1.2672261e-03
  -5.7866814e-02  -1.1278101e-01  -4.5707661e-02   3.0917875e-03  -4.2594027e-04   3.4614656e-04
  -3.4366459e-02   2.3086702e-03  -5.2678049e-02   5.8058619e-04  -3.2831988e-04   5.4916138e-04
  -2.5851486e-02  -7.6253908e-02  -3.9224625e-02   2.2780826e-03  -2.9412204e-04   3.4678076e-04
  -2.2020326e-02  -4.5152484e-02  -2.7637527e-02   1.4148809e-03  -3.6032022e-04   4.5907257e-04
  -1.6579008e-02  -4.0956657e-02  -1.1348826e-01   7.3837174e-04  -5.6469446e-05   6.5955438e-04
  -2.0843351e-05  -7.7343751e-02  -6.0862849e-02   2.2462913e-03  -8.9559136e-04   2.9456245e-04
  -1.5022757e-02  -2.6533028e-02  -4.4968342e-02   9.3585426e-04  -5.3122642e-04   4.8766168e-04
  -4.9496670e-03  -4.8795618e-02  -1.0795740e-01   6.1401887e-04  -2.9906205e-04   5.1703917e-04
   4.8412727e-03  -9.7339016e-04  -4.7413910e-02   1.4196591e-03  -5.4743113e-04   5.1027359e-04
  -1.3732895e-03  -9.4898145e-03  -1.0196346e-01  -3.5993625e-04  -4.2042914e-04   6.3832798e-04
  -8.8124032e-03  -1.1206135e-01  -6.9884982e-02   5.5440266e-04  -4.1683178e-04   1.0155013e-03
  -2.3674191e-02  -1.0198940e-01  -5.1176295e-02   3.6549982e-04  -3.1791509e-04   1.4857552e-03
  -2.1610026e-02  -7.0841179e-02  -1.7517909e-02   6.8800120e-04  -6.9918020e-04   1.1572636e-03
  -8.5586397e-03  -1.5110482e-01   3.0030741e-02   2.3843168e-03  -7.6035290e-04   8.9259035e-04
  -6.2716212e-03  -9.8532233e-02  -5.8525210e-02   1.0115486e-04  -7.1414173e-04   8.8719933e-04
   8.2050774e-03  -2.1405802e-01   1.0614933e-02   3.0651090e-03  -8.4095079e-04   6.8301232e-04
   1.2512382e-02   2.5043978e-02   2.3816331e-02  -3.8271844e-04  -1.2256323e-03   6.8839303e-04
   1.0082551e-02  -9.5110371e-02  -4.4932143e-02  -1.6640762e-04  -1.0666996e-03   5.1773144e-04
  -3.7088964e-03  -1.6790050e-01  -8.7614101e-02   8.1482598e-04  -3.3756780e-04   8.7276616e-04
  -4.7259837e-02  -1.7551858e-01  -7.8974125e-02   2.3678490e-03  -1.9398612e-04   1.5378969e-03
  -3.4660362e-02  -3.8854809e-02  -1.8798726e-02   1.7495316e-03  -7.8990274e-04   1.5508272e-03
  -1.1989012e-02  -7.7059628e-02  -4.7383009e-02   1.1047722e-03  -5.5029017e-04   1.0410987e-03
   4.8142839e-03  -2.6665367e-02  -5.6901092e-02   6.7303759e-04  -8.9012339e-04   8.9274659e-04
  -1.3539111e-02  -1.1161464e-01  -6.7963734e-02   1.7445675e-03  -8.3879753e-04   9.7983390e-04
   1.5667036e-02   2.2895491e-02  -1.5028116e-02   5.2657191e-04  -1.5013479e-03   7.7736329e-04
   1.5386109e-02  -3.8158446e-02  -9.3629679e-02  -7.4543269e-04  -1.5164824e-03   8.9627391e-04
  -1.2272326e-02  -9.4171633e-02  -1.7557425e-01  -4.1882367e-04  -5.9211158e-04   1.2545282e-03
  -6.0614632e-02  -1.0641529e-01  -1.5755520e-01   3.0178527e-04  -2.7605697e-04   1.7170310e-03
  -4.0992953e-02  -5.5164361e-02  -5.6639523e-02   2.0057876e-03  -7.8128517e-04   1.4837654e-03
  -3.0643158e-02  -1.6397898e-01  -4.0355313e-02   3.6653349e-03  -8.3180594e-04   7.7901111e-04
  -7.1871717e-03  -4.0431111e-02  -3.1240114e-02   2.2520690e-03  -8.8780480e-04   6.3195068e-04
  -1.2975251e-02  -9.3561175e-02  -1.2074451e-01   8.6258443e-04  -7.3725311e-04   9.8411530e-04
  -2.0294430e-02  -6.8605213e-02  -7.8442518e-02   2.9500679e-04  -7.3956796e-04   1.1031681e-03
  -3.0503009e-03  -5.2156282e-02  -1.0675768e-01  -3.8584682e-04  -1.1784279e-03   1.0070895e-03
  -1.7592506e-02  -1.4883783e-01  -1.4827010e-01   2.0441217e-04  -8.6914214e-04   1.3876539e-03
  -5.7073657e-02  -1.4965269e-01  -1.0076137e-01   2.7259899e-03  -4.6775971e-04   1.7264217e-03
  -4.2874674e-02  -3.6008114e-02  -9.5537563e-02   7.6050646e-04  -3.5970909e-04   1.3906200e-03
  -3.7219725e-02  -1.2133144e-01  -7.6386941e-02   7.3709257e-04  -7.2665349e-04   1.2232316e-03
  -2.0702263e-02  -3.1498187e-02  -1.0131922e-01  -9.3338311e-05  -7.7280070e-04   9.1624957e-04
  -2.2396663e-02  -3.2877657e-02  -9.8894712e-02  -5.6190673e-04  -8.2085908e-04   9.7004773e-04
  -5.2043526e-03  -5.7296787e-02  -3.3248833e-03   1.8360052e-03  -1.0470999e-03   7.9675874e-04
  -1.7576800e-02  -6.7785092e-02  -1.1902168e-01  -2.4419505e-04  -6.4542685e-04   7.2707555e-04
  -6.0052722e-02  -1.4427268e-01  -1.6109087e-01   4.9446395e-04  -3.2209491e-04   9.6002671e-04
  -1.0379878e-01  -1.9640451e-01  -9.1259757e-02   2.0744487e-03   6.8987073e-05   1.8489683e-03
  -8.0228137e-02  -1.1383441e-01  -3.1690557e-02   1.4742485e-03  -5.2450401e-04   2.2192830e-03
  -6.9488998e-02  -2.5243485e-01   3.5479905e-03   4.2410809e-03  -7.3434137e-04   2.0599824e-03
  -6.4412842e-02  -1.2177380e-01  -9.7632663e-02   2.5336797e-03  -4.2638168e-04   1.2519137e-03
  -6.4433075e-02  -1.4075008e-01  -1.5909651e-01   9.3470819e-04  -2.6037532e-05   1.2113710e-03
  -3.8641589e-02  -2.4733193e-03  -1.1982158e-01  -4.6071772e-04  -7.5238010e-04   1.0681986e-03
  -3.6151713e-02  -8.8680342e-02  -3.7686373e-02   2.3327774e-03  -3.3443927e-04   8.1751859e-04
  -4.0491928e-02  -8.2479494e-02  -8.9277302e-02   1.4453790e-03  -1.1960817e-04   8.7611898e-04
  -2.8544725e-02  -4.1489758e-03  -5.6626045e-02   7.4073867e-04  -6.2471162e-04   8.6696373e-04
  -3.1505048e-02  -7.9242877e-02  -7.3528436e-02   1.6696124e-03  -6.2022913e-04   8.0216591e-04
  -2.5104290e-02  -1.1312423e-02  -7.5535404e-03   1.7830186e-03  -8.5243349e-04   5.7863852e-04
  -1.9799984e-02  -2.4086248e-02  -1.1278841e-01  -2.1065337e-04  -5.3888574e-04   1.0849734e-03
  -7.1213189e-02  -1.3649850e-01  -2.3335416e-01  -4.1255962e-04   2.6032977e-04   1.5985403e-03
  -1.2903072e-01  -1.6055822e-01  -2.1101065e-01   9.5870941e-04   1.2658627e-04   2.5316746e-03
  -8.4483205e-02  -2.2835978e-02  -1.1205543e-01   9.0488948e-04  -2.9906493e-04   1.9211460e-03
  -6.3293284e-02  -1.5609876e-01  -5.9490322e-02   1.7758717e-03  -9.3691800e-05   1.3663904e-03
  -4.0696661e-02  -1.1656625e-01   2.0031497e-02   3.3154418e-03  -5.1545349e-04   8.8088296e-04
  -4.9221150e-02  -9.3006357e-02  -4.9109786e-02   1.5789373e-03  -2.9298008e-04   9.4932710e-04
  -3.5450622e-02  -6.5093693e-02  -5.8094855e-02   1.4365927e-03  -4.0536903e-04   1.1706807e-03
  -3.1765872e-02  -6.8879540e-02  -6.4957350e-02   5.3015385e-04  -5.4294178e-04   1.2163161e-03
  -7.5662762e-02  -1.4920713e-01  -1.0128820e-01   1.2968998e-03   2.8027894e-05   2.1018631e-03
  -1.1733191e-01  -1.6685765e-01  -6.1349371e-02   2.3478085e-03  -5.5267506e-05   2.6965222e-03
  -9.5798125e-02  -5.0938926e-02  -4.0086817e-02   2.5004162e-03  -4.2765064e-04   1.8612137e-03
  -7.3826050e-02  -1.4787768e-01  -5.9559061e-02   3.5930739e-03  -8.1542157e-04   1.8997380e-03
  -6.7506719e-02  -3.3900947e-02  -9.0453385e-02   1.8537791e-03  -4.0227776e-04   1.6005980e-03
  -3.9316826e-02  -8.1147165e-02  -7.5884374e-02   3.3860340e-03  -6.7914503e-04   1.3437504e-03
  -4.1219982e-02  -5.9447376e-02  -6.4175422e-02   3.4131157e-03  -6.2805565e-04   1.3847100e-03
  -2.7443318e-02   8.6044995e-03  -8.4994756e-02   3.1449777e-05  -7.9942075e-04   1.7419460e-03
  -4.6708923e-02  -1.0979112e-01  -1.6181189e-01  -3.0565416e-04  -1.6168841e-04   1.9251012e-03
  -9.8832539e-02  -1.9172625e-01  -1.8422973e-01   3.7102487e-04   5.7957766e-04   2.7177759e-03
  -9.1330889e-02  -1.0798665e-01  -1.0406880e-01   3.2916419e-04  -1.1364390e-05   2.2360648e-03
  -5.7132410e-02  -1.7342849e-01  -7.8423845e-02   1.6276592e-03  -1.4688607e-04   1.6442175e-03
  -3.8170295e-02  -1.5110896e-01  -4.3129041e-02   2.8666763e-03  -5.2718382e-04   1.5848064e-03
  -3.5560666e-02  -6.8314834e-02  -9.8579389e-02  -1.9278514e-05  -4.1315813e-04   1.4627377e-03
  -3.9386952e-02  -6.1721669e-02  -4.9163157e-02   8.1681536e-04   1.2422612e-04   1.3407352e-03
  -4.4166899e-02  -1.2606964e-01  -1.1590107e-01   7.4569793e-04   6.3680299e-06   1.4874121e-03
  -7.2041815e-02  -2.1369633e-01  -1.5590138e-01   2.6165036e-03   2.9383765e-04   1.4778777e-03
  -1.4219994e-01  -2.1233880e-01  -6.1576298e-02   1.4825310e-03   7.7753780e-04   2.5578883e-03
  -1.0035916e-01  -3.5926579e-02   3.3960755e-02   3.1218485e-03  -3.9732473e-04   2.3741326e-03
  -9.5391521e-02  -1.3221154e-01  -1.0198573e-01   6.1172177e-04   3.0083610e-04   1.4131163e-03
  -1.0224736e-01  -8.2429903e-02  -1.2964805e-01   4.6611295e-04   4.8031347e-04   1.3288473e-03
  -9.7080865e-02  -4.4600358e-02  -1.6744625e-01   3.0055733e-04   5.1216328e-04   1.2226226e-03
  -9.2661560e-02  -1.0998479e-02  -1.5239803e-01   5.0493344e-06   4.5667273e-04   1.3594961e-03
  -8.6067282e-02  -5.2481499e-02  -1.3234295e-01  -2.1993341e-06   3.3097931e-04   1.5886034e-03
  -9.7135247e-02  -1.7100590e-01  -1.0704402e-01   9.2045746e-04   4.7103369e-04   1.3765585e-03
  -1.4298960e-01  -1.6977588e-01  -1.2376165e-02   2.5038179e-03   3.6134618e-05   2.3247887e-03
  -1.1339749e-01  -1.1518052e-02  -8.0240663e-03   5.1995254e-04  -1.0262535e-04   2.0671011e-03
  -9.6199802e-02  -1.5170676e-01  -1.0990367e-01   4.7990248e-04   8.6103786e-04   1.4389100e-03
  -9.9549229e-02  -7.5274534e-02  -1.3036777e-01   3.9721959e-04   9.9827919e-04   1.4260787e-03
  -8.5799378e-02   1.5812029e-02  -1.3539379e-01  -3.9449343e-04   4.2374009e-04   1.0822392e-03
  -8.5407399e-02  -6.4247279e-02  -8.5267887e-02   5.3215345e-04   3.3643774e-04   8.0656926e-04
  -9.0790129e-02  -7.7700107e-02  -7.4818412e-02  -2.9658558e-04   5.4497603e-04   9.0725569e-04
  -7.6489889e-02   7.0063831e-02  -4.6855008e-02  -1.0359971e-04   3.3770645e-04   8.8694790e-04
  -8.1463834e-02  -7.1787809e-02  -4.0360388e-02   1.8204456e-03   6.5211120e-04   6.4008635e-04
  -7.3598281e-02  -1.0278387e-01  -2.8997528e-02   2.7758221e-03   3.4829136e-04   6.9738000e-04
  -7.6127978e-02  -3.6347395e-02  -5.7193602e-02   2.0849026e-03   3.4961818e-04   3.8244714e-04
  -7.5034448e-02  -1.3208518e-01  -1.6283453e-01   1.0964488e-03   1.3888484e-03   9.9488805e-04
  -1.0153119e-01  -2.4683979e-01  -2.2022505e-01   2.8186850e-03   1.9909763e-03   2.1182229e-03
  -1.4908222e-01  -2.4941796e-01  -1.4470983e-01   2.5924400e-03   1.6221552e-03   2.6500283e-03
  -1.4570943e-01  -5.7757339e-02  -1.6401953e-01  -1.8834351e-06   9.0165133e-04   2.4725735e-03
  -1.3165646e-01  -2.5131123e-01  -1.5646061e-01   1.0513134e-03   9.1761252e-04   1.8816060e-03
  -1.1249780e-01  -2.0402732e-01  -1.0035876e-01   3.8193793e-03   5.7075404e-04   1.6021235e-03
  -1.0929021e-01  -1.0930148e-01  -1.7556681e-01   8.4826154e-04   7.5474031e-04   1.3654173e-03
  -1.1019763e-01  -1.0778115e-01  -9.9263027e-02   1.2375075e-03   9.0601479e-04   1.2018366e-03
  -8.3810631e-02  -1.5800594e-01  -1.4531471e-01   3.0445680e-04   7.4216502e-04   1.3489500e-03
  -1.1490164e-01  -1.6371109e-01  -1.6385360e-01   2.5840928e-04   1.0120323e-03   1.8694018e-03
  -1.3735010e-01  -1.6305236e-01  -1.0886027e-01   8.4803414e-04   4.1547682e-04   2.6435073e-03
  -1.4570628e-01  -3.5516076e-03  -1.2824343e-01  -2.3151660e-04   5.9039315e-04   2.0117531e-03
  -1.2825063e-01  -1.1694436e-01  -1.4952009e-01   1.5965386e-03   7.5601668e-04   1.1330715e-03
  -1.2365675e-01  -2.0611211e-02  -1.8065956e-01   2.2118600e-04   5.8183392e-04   1.2592199e-03
  -1.1582599e-01  -6.1944091e-02  -1.8781151e-01   3.3236342e-05   5.5941590e-04   1.1307168e-03
  -1.1523457e-01   3.4252215e-02  -1.0217089e-01   2.9811018e-04   6.7804719e-04   8.6054591e-04
  -1.0377263e-01  -4.7420176e-02  -1.3357093e-01  -2.7167821e-04   5.1735249e-04   9.6139745e-04
  -1.0917936e-01  -1.2493041e-01  -1.4053954e-01   6.9802347e-04   5.9874528e-04   1.7200039e-03
  -1.4627688e-01  -1.0587622e-01  -9.5381076e-02   8.7411456e-04  -6.9748121e-05   2.5107457e-03
  -1.4904059e-01  -2.9868020e-02  -1.0675220e-01   8.8724800e-05   1.3346899e-05   2.3657444e-03
  -1.2178426e-01  -1.6558826e-02  -1.1108717e-01   5.0984164e-04   4.9750722e-04   1.2229602e-03
  -1.1404132e-01   2.7281160e-03  -7.2707201e-02   3.6255110e-04   5.2150398e-04   1.0196195e-03
  -9.6062627e-02   1.4074204e-02  -1.0320915e-01  -9.5901566e-05   4.3098089e-04   5.6738559e-04
  -9.8608633e-02  -1.2916787e-02  -9.6752625e-02   1.0905902e-03   4.8850742e-04   7.1854808e-04
  -8.7731349e-02   6.0208430e-02  -1.0476983e-01  -1.0019456e-03   3.1805778e-04   7.5924464e-04
  -9.5840924e-02  -1.2900345e-01  -1.3609414e-01   6.3591567e-04   4.6804987e-04   1.6342136e-03
  -1.1779453e-01  -1.1043125e-01  -1.1269998e-01   8.2295785e-04   6.0860461e-04   2.2937698e-03
  -1.1002357e-01  -1.3169991e-01  -8.9312797e-02   2.6684365e-03   5.3201901e-04   1.7033573e-03
  -9.3346785e-02  -4.3390942e-03  -1.6001115e-01   5.3369556e-04   6.7507551e-04   9.5206668e-04
  -9.0036373e-02  -7.0736986e-02  -1.5731910e-01   1.9160755e-03   4.0430125e-04   9.9926297e-04
  -7.7486906e-02   5.2089955e-02  -1.4504426e-01   9.7295200e-05   9.9961175e-05   8.7746537e-04
  -7.5339780e-02  -2.0987272e-03  -1.2851879e-01   8.9357298e-05   3.5285233e-04   8.3282444e-04
  -6.2021728e-02  -1.4855533e-02  -2.1902454e-01  -9.0793647e-04   1.4552992e-04   8.6092084e-04
  -7.9716260e-02  -1.3632186e-01  -2.1467694e-01  -2.7808299e-05   3.1273213e-04   1.2307832e-03
  -1.2013479e-01  -1.5918416e-01  -1.9003357e-01   1.0864410e-03   5.4756376e-04   1.6742980e-03
  -1.1844516e-01  -1.4787474e-01  -1.3329766e-01   3.3728881e-03   4.5575411e-04   1.2951940e-03
  -1.0980687e-01  -8.8042744e-02  -1.6296226e-01   2.6566928e-03   9.1962676e-04   6.4459653e-04
  -8.8958249e-02   2.1393656e-02  -1.3351083e-01   1.8014893e-03   9.1639238e-04   6.2234872e-04
  -8.0220021e-02  -7.1937845e-02  -1.7616929e-01   2.2452759e-03   6.9281077e-04   6.1166552e-04
  -8.0231790e-02  -5.8063812e-03  -1.6720733e-01   1.2882276e-03   2.7092413e-04   7.0948489e-04
  -7.6608466e-02  -9.2936326e-02  -1.9269496e-01   1.4292928e-03   2.5925127e-04   6.8228254e-04
  -6.6804079e-02  -7.3388240e-02  -1.8335819e-01   2.8243727e-03   1.1886841e-04   4.0691642e-04
  -9.0723322e-02  -1.3845099e-01  -2.2343042e-01   1.5568350e-03   1.7915368e-04   6.3730938e-04
  -8.5496535e-02  -4.1541362e-02  -2.0728362e-01   1.0766850e-03  -7.8058568e-05   5.0077304e-04
