   0.0000000e+00   1.2842988e-15   7.0052664e-15  -3.0814879e-33   6.2188429e-17   1.2437686e-16
  -2.5022803e-02  -5.5588859e-02  -2.5186625e-02   5.4722265e-04   6.7097173e-04   7.0087119e-05
  -4.1010553e-02  -9.5404404e-02  -9.8851625e-02   7.8048630e-04   1.1224531e-03   3.6109682e-04
  -5.5852888e-02  -5.5620756e-02  -2.4813565e-02  -2.3582978e-04   1.2818348e-03   1.1096155e-03
  -1.3949461e-02   5.9281478e-02   9.2120829e-02  -1.5980142e-03   4.2774266e-04   7.4428762e-04
  -5.1948278e-03  -1.2387752e-01   1.0906364e-01   1.8339506e-03  -5.3982458e-04   3.9233010e-04
  -1.3549793e-02  -2.4705233e-02   2.8187899e-03  -8.6795551e-04   2.6686953e-04   5.5686006e-04
  -3.0907229e-02  -6.9703762e-03   3.6481631e-04  -7.2079805e-04   4.0035516e-04   7.2274146e-04
  -3.3833011e-02  -8.7583387e-02   3.4757182e-02   2.2870937e-04   4.2574252e-04   8.9854706e-04
  -1.6622753e-02  -9.4356191e-03  -2.9467251e-02  -5.9992368e-04   1.2709656e-04   1.0682267e-03
  -2.6238113e-02  -1.1070141e-01  -5.7239818e-02   5.1711864e-04   5.2557813e-04   1.2927911e-03
  -4.8664330e-02  -6.4199521e-02   6.3322610e-03   1.5897462e-03   6.1607111e-04   1.4551545e-03
  -3.6102264e-02   2.1684863e-02   7.1878922e-02  -6.6349545e-05  -1.4391093e-04   6.1910314e-04
  -2.0941838e-02  -9.2938329e-02   9.6311091e-02   6.3597051e-04  -2.1678020e-04   3.2065020e-04
  -1.0293436e-02  -4.0005449e-02   9.2907369e-02  -2.0897964e-04  -3.3485789e-04   4.0151885e-04
  -1.8724005e-02  -1.1811824e-01   9.2433376e-02   9.3967557e-04  -6.0682177e-04   6.6992781e-04
  -1.4088949e-02  -7.7542426e-03   1.1803223e-01   1.8149482e-04  -4.9161572e-04   6.2291325e-04
  -9.7150776e-03  -1.0173831e-01  -1.3484064e-02  -1.4198875e-04  -1.8904315e-04   4.9765418e-04
  -5.8560419e-03  -1.4192871e-01  -4.2552580e-02   7.7978909e-04   2.3188216e-04   9.6701041e-04
  -4.6467772e-02  -1.3539568e-01   2.1072012e-02   1.6280493e-03  -6.3934121e-06   1.2113468e-03
  -5.3945177e-02  -9.6163282e-02   9.6267903e-02   2.5998350e-03  -7.4789914e-04   1.2935603e-03
  -3.5941345e-02  -9.7149316e-02   5.8354281e-02   1.1462844e-03  -3.3709101e-04   7.1879054e-04
  -3.2693834e-02   4.6423690e-03   2.6359111e-04  -1.5027588e-03   2.8834790e-04   5.8602108e-04
  -2.7928146e-02  -6.8694211e-02  -2.2242218e-02  -1.1671169e-03   3.1401925e-04   5.7103435e-04
  -1.5878930e-02   5.1633539e-02   1.2508031e-02  -1.6765202e-03  -1.8400162e-04   6.1842504e-04
  -8.5974529e-03   3.0817591e-02   7.5200756e-03  -1.9296103e-03  -4.1778203e-04   7.5925567e-04
  -1.4995303e-02  -7.7336578e-02  -2.1388633e-03  -1.3800087e-03  -1.2697795e-04   1.2296672e-03
  -3.3512806e-02  -7.3628284e-02  -1.4697791e-02  -6.9982097e-04   3.0706399e-04   8.7917847e-04
  -2.4164174e-02  -5.1930554e-03   7.9958325e-02   6.1962255e-04   3.3741530e-04   4.7586658e-04
  -6.9888706e-03  -2.5326252e-02   5.3533221e-02  -6.4868902e-04   8.2902303e-06   3.7579391e-04
  -5.1325026e-03   4.6906973e-03   8.0798399e-02  -2.9922935e-04  -4.3766743e-05   3.1865945e-04
  -1.0465236e-02  -4.8420534e-02   5.0241274e-02  -9.2656888e-04  -2.8350267e-04   3.8542068e-04
   1.0003006e-02   5.6286685e-02   1.2317045e-01  -9.6859880e-04  -7.0880366e-04   2.2647107e-04
   2.0382054e-02   2.8095017e-02   5.5470701e-02  -2.3178222e-03  -7.9979368e-04   4.5382831e-04
   5.6545350e-03  -6.8307710e-02  -2.9401406e-03  -1.8301164e-03  -5.0524335e-04   8.8128370e-04
   1.9527902e-02  -1.3200278e-01   1.6973764e-03   6.6046442e-04  -2.4549934e-04   8.0406595e-04
   5.2081270e-03  -2.6408449e-02   3.2888212e-02   7.8155716e-04  -3.3014207e-05   3.3612615e-04
  -2.5516207e-03  -1.7204323e-02   7.6878359e-02  -1.9462696e-03  -1.8999658e-04   1.3560346e-04
   1.1608217e-02  -1.0822788e-01   1.0792796e-01  -6.5392201e-04  -3.9873366e-04   3.5079301e-04
   7.4013027e-03  -3.5497368e-02   1.0943079e-01  -1.2329754e-03  -1.3579547e-04   2.7915903e-04
   1.1995533e-02  -7.4349066e-02   1.1234993e-01  -1.0489990e-03  -2.6731182e-04   1.3821688e-04
   2.6177244e-02   7.9784843e-03   7.6364684e-02  -2.2098088e-03  -5.9379478e-04  -1.2116698e-04
   3.1147059e-02  -3.8642392e-02   1.6288664e-01   3.4515660e-04  -8.8403532e-04   9.8878002e-05
   3.4722942e-02  -4.7641113e-02   1.2914573e-01   1.0262178e-03  -7.2598350e-04  -1.6618916e-04
   3.2370954e-02   1.2429738e-02   1.6897030e-01  -2.3251747e-04  -6.6805145e-04  -6.2495952e-05
   3.3358234e-02  -3.7805045e-02   1.7627472e-01   2.3100556e-04  -6.4046359e-04  -3.7997204e-05
   3.5156788e-02   6.9505907e-02   7.5008405e-02  -3.2224105e-03  -8.1560275e-04   1.8686871e-04
   1.8399481e-02  -7.6272793e-02   1.0303437e-03  -2.0500160e-03  -2.2056000e-04   6.6476209e-04
  -9.5159436e-03  -7.6694124e-02  -7.6477426e-02  -1.7432224e-03   5.2896876e-04   1.1284500e-03
  -2.2808515e-04   2.1505489e-02   3.0268106e-02  -1.3358816e-03  -2.2105583e-04   7.0370720e-04
   2.6999051e-02  -4.5661131e-02   6.5901582e-02  -1.0682711e-04  -5.9898127e-04   2.1634596e-04
   4.3471143e-02   5.8033169e-02   1.3637880e-01   1.6934806e-04  -7.9257870e-04   1.3037457e-04
   5.0376565e-02   3.4532153e-03   9.3518117e-02   9.4343281e-05  -9.5675337e-04  -1.9176595e-04
   5.8662690e-02   4.3221614e-02   1.3750447e-01   1.8015321e-04  -1.1765014e-03  -2.5055805e-04
   4.0386812e-02  -2.2170895e-02   1.3957777e-02  -2.4111621e-03  -7.4960563e-04   1.9501987e-04
   4.6170146e-03  -9.8502107e-02  -7.8096700e-02  -1.7158693e-03  -1.4600608e-04   6.0179660e-04
  -3.1507549e-02  -1.1855384e-01  -4.4873069e-03  -4.2860798e-04   9.3973689e-05   1.3780986e-03
  -6.3602306e-03  -3.8730130e-02   8.8722640e-02   1.2813240e-03  -8.9639284e-04   1.0622561e-03
  -2.3987818e-03  -8.2079938e-02   4.8537092e-02  -4.4142672e-04  -5.6350482e-04   9.2086062e-04
   3.0060944e-02  -4.4970175e-02   6.7983510e-02   9.3090985e-04  -1.3964457e-03   3.4366231e-04
   7.7416100e-03  -7.5760278e-02   8.7605629e-02   4.6895821e-04  -5.0174003e-04   5.4139494e-04
   1.8261381e-02  -3.6677940e-02   5.5719379e-02  -1.2701168e-03  -7.1925048e-04   4.8606440e-04
   1.6199142e-02  -8.1049295e-02   5.0086207e-02  -5.5814321e-04  -4.8049542e-04   5.5088714e-04
  -2.2943376e-02  -1.4298584e-01   1.2199832e-02  -1.2524858e-05  -6.3728575e-05   1.0214508e-03
  -5.9654347e-02  -1.2548038e-01   9.2155681e-02   6.9160981e-04   6.8505710e-04   1.3235414e-03
   8.3345344e-03   1.6554391e-03   1.2116482e-01   1.8985450e-04  -9.2613000e-04   6.4337212e-04
  -9.9076516e-03  -1.0469845e-01   5.5975327e-02  -7.4701924e-04  -3.5127381e-04   7.9307931e-04
   3.5686140e-02   2.9118813e-02   7.9461269e-02  -4.1012315e-04  -7.4323032e-04   4.8344440e-04
   2.9819058e-02  -4.0445728e-02   6.9200283e-02  -4.3747780e-04  -6.4404434e-04   6.9568016e-04
   4.6177294e-02   6.0828829e-02   3.9820412e-02  -2.1823462e-03  -7.4096864e-04   5.8963439e-04
   3.6893831e-02   1.2284071e-02   4.2805129e-02  -2.3090164e-03  -9.9719230e-04   5.4843671e-04
   2.1384104e-02  -5.3212808e-02  -6.8008844e-05  -1.5344753e-03  -7.3721909e-05   1.4844177e-03
  -4.6080992e-02  -1.3169379e-01   2.5129664e-02  -6.9590121e-05  -1.3218535e-04   1.9826598e-03
   1.3795062e-02   2.8548589e-02   1.3321312e-01   1.3840455e-03  -1.3303500e-03   8.8314340e-04
   1.7891611e-02  -5.5157973e-02   1.2097601e-01   6.3013813e-04  -9.4915207e-04   4.3875531e-04
   3.2703704e-02   5.8485156e-02   1.0572419e-01  -1.6301886e-03  -8.3807407e-04   5.5056532e-04
   4.2546568e-02  -4.1234723e-02   1.0103257e-01   1.8108310e-04  -1.0208918e-03   5.5496858e-04
   5.4621103e-02  -3.5853895e-02   1.5712755e-01   1.1603876e-03  -1.5489802e-03   2.1679464e-04
   5.5509187e-02  -5.2659587e-03   8.2058441e-02  -2.3805039e-03  -7.5263417e-04   7.8950298e-04
   1.4133902e-02  -7.5114761e-02  -3.0470019e-02  -1.8408803e-03  -2.0457773e-04   1.1745699e-03
  -5.3247482e-02  -1.2909043e-01   3.8646433e-03  -1.0567272e-03   8.5752469e-07   1.9399185e-03
   6.1224361e-03  -3.1932597e-02   8.1111305e-02   1.1456865e-03  -9.8863502e-04   1.3288625e-03
   1.3762436e-02  -1.4125093e-01   1.1787735e-01  -4.5176177e-04  -1.0145275e-03   1.0871876e-03
   1.9354309e-02  -2.1248487e-02   1.4504447e-01   9.2311834e-04  -8.0957669e-04   8.4500267e-04
   2.8204514e-02  -3.7846001e-02   7.0819558e-02  -1.3389510e-03  -7.2685082e-04   7.5957227e-04
   4.5665019e-02   4.9602022e-02   1.2320557e-01  -1.0865835e-03  -9.3249048e-04   6.4912733e-04
   4.8585727e-02  -5.9363785e-02   1.3681107e-01   7.8507791e-04  -1.1509809e-03   7.6297151e-04
   6.4211348e-02   3.4273052e-02   1.4752012e-01  -8.3013824e-04  -1.0928228e-03   6.4390224e-04
   6.6789971e-02  -2.4622812e-02   1.6216119e-01   3.9224069e-04  -1.1376815e-03   9.7468836e-04
   6.9984968e-02   1.1129790e-01   1.1958139e-01  -2.9629322e-03  -1.1884862e-03   7.1278902e-04
   6.4735571e-02   2.4666430e-02   1.2764931e-01  -7.8438601e-04  -8.8499523e-04   8.6803371e-04
   6.4235389e-02   7.0837547e-02   5.2882238e-02  -3.7722513e-03  -5.2150232e-04   1.2681600e-03
   5.3155332e-02  -6.4714205e-02  -7.4689804e-03  -2.8976566e-03  -6.9465634e-04   1.8132957e-03
   3.0913761e-02  -4.5372634e-02  -1.9821041e-02  -1.7512215e-03  -1.1679582e-04   1.6269287e-03
   6.0151457e-02  -3.2568763e-02   1.5570898e-01   2.3414960e-03  -1.3721316e-03   9.8540625e-04
   6.8452171e-02  -2.5449222e-02   1.8386520e-01   2.3260434e-03  -1.4765964e-03   4.2261074e-04
   6.5698169e-02  -8.2556194e-03   2.1740208e-01   2.7845836e-03  -1.2163281e-03   4.1637460e-04
   6.9374487e-02   3.7187842e-02   1.4803186e-01  -6.1748731e-04  -9.3279667e-04   6.9628955e-04
   5.9533816e-02   2.9611005e-02   1.8877678e-01  -9.3537485e-05  -8.6059122e-04   6.7378952e-04
   6.8960525e-02   6.7682348e-02   1.5817084e-01  -2.3665060e-03  -1.1397236e-03   6.4563134e-04
   5.4783744e-02  -5.8789870e-02   8.5725344e-02  -1.4175742e-03  -9.2196235e-04   1.4186639e-03
   1.4799812e-03  -6.5947341e-02   1.6724426e-02  -1.8412394e-04   6.2237593e-05   1.8436846e-03
   5.4577621e-02  -3.0681724e-02   1.6154119e-01   2.8682698e-03  -1.0176065e-03   1.1815153e-03
   6.4963655e-02  -3.3438330e-02   1.9212202e-01   2.6691726e-03  -1.0720428e-03   4.6045485e-04
   5.7888507e-02  -4.4458297e-02   1.6968471e-01   2.3168213e-03  -8.2807079e-04   7.4993093e-04
   6.2226217e-02   9.8067808e-02   1.2305390e-01  -8.9081412e-04  -6.2466895e-04   8.3979491e-04
   6.1457853e-02   1.9114031e-02   1.2720623e-01   2.9213473e-04  -5.3485262e-04   8.7983949e-04
   7.1395708e-02   2.8343851e-02   5.2840733e-02  -2.6397688e-03  -5.5665435e-04   1.0231173e-03
   5.6409033e-02  -7.4427637e-02  -1.3560284e-02  -1.0661946e-03  -6.7447116e-05   1.6155244e-03
   3.7196575e-02  -3.0214295e-02  -4.0209595e-02  -5.7562052e-05   1.0736634e-03   2.0215453e-03
   4.9000678e-02  -1.2962027e-01   6.9629335e-02   2.8220562e-03   1.4863072e-04   1.8712828e-03
   6.6480995e-02  -2.1925343e-03   5.3786154e-02   3.8342490e-04  -2.0770422e-04   1.2634975e-03
   6.9497327e-02  -1.5674718e-01   6.4975730e-02   1.7466934e-03  -5.5855474e-04   1.2880309e-03
   5.3501341e-02  -1.3331673e-01   4.6787817e-02   1.8750842e-03  -2.2107738e-04   1.5263725e-03
   6.4688426e-02  -3.4331448e-02   4.7419900e-02   9.7470597e-04  -2.4020869e-04   1.3896595e-03
   6.2545571e-02  -6.4006022e-02   7.7054435e-02   1.4752219e-03  -1.7304680e-05   1.3306709e-03
   5.8810531e-02  -1.1481327e-01   4.4280469e-02   3.1804096e-04  -1.5976982e-04   1.4077304e-03
   7.2385412e-03  -1.1668963e-01   5.6405315e-02   8.6135855e-04   3.9592660e-04   1.6338464e-03
   5.6007886e-02  -3.6017451e-03   1.6812138e-01   2.8808139e-03  -1.2588671e-03   1.1392353e-03
   7.0148707e-02  -1.1829685e-01   1.2151343e-01   2.9777942e-03  -6.2284396e-04   6.5840345e-04
   6.1036764e-02  -3.3372840e-02   8.7011372e-02   7.0461605e-04  -1.4098397e-04   8.6164255e-04
   9.4309071e-02  -2.9817034e-03   5.6817949e-02   9.2504677e-04  -5.2667079e-04   9.3330431e-04
   9.2726424e-02   4.8708015e-03   8.7125578e-02   1.3717059e-03  -4.6862659e-04   1.0591796e-03
   8.8562249e-02   8.2377258e-03   3.3199287e-02  -1.2857903e-03  -7.0680944e-05   1.3223626e-03
   5.8814024e-02  -9.5964938e-02  -7.7099039e-02  -1.0803494e-03   7.2187590e-04   1.3381893e-03
  -7.2358358e-03  -1.2393181e-01  -3.9337876e-02   7.1995665e-04   9.9491472e-04   1.4610295e-03
   4.1711443e-02  -1.9962328e-02   1.0821617e-01   2.3376157e-03  -9.8119757e-04   1.2681929e-03
   5.4558231e-02  -1.0706529e-01   1.0989653e-01   2.9206012e-03  -2.9355627e-04   4.4574377e-04
   5.5969687e-02   6.6558326e-02   9.4216746e-02  -5.4406768e-04  -3.3565107e-06   9.3654909e-04
   6.2185809e-02  -3.9787867e-02   8.8936195e-02   3.1038842e-04  -1.2506129e-04   9.7810849e-04
   9.6804899e-02   6.7982613e-02   1.0152761e-01   4.2266633e-04  -1.0990187e-03   7.2815327e-04
   1.0117079e-01  -7.4496340e-02   1.2077462e-01   3.0965811e-03  -6.1480156e-04   7.3537315e-04
   1.0696111e-01   3.5885493e-02   1.3041915e-01   2.9162232e-04  -5.4570630e-04   8.1205936e-04
   1.0769068e-01  -3.4667719e-02   9.2272693e-02  -7.0123364e-06  -3.3152837e-04   8.9380630e-04
   1.2904016e-01   1.1118107e-02   1.2998951e-01   9.2060745e-04  -1.2983225e-03   4.8986607e-04
   9.7538427e-02  -2.3328960e-02   1.2033076e-01   8.5331655e-04  -2.8575235e-04   8.3749588e-04
   9.7427196e-02   6.7770232e-02   6.9331969e-02  -1.9291598e-03  -3.4084695e-04   9.6158042e-04
   7.5816486e-02  -4.5263334e-02   4.5455790e-02  -1.0641310e-03   2.0593691e-04   1.0685297e-03
   4.5665237e-02  -4.7391781e-02   2.1380036e-02  -1.1549968e-04   1.1855324e-03   9.7920126e-04
   8.3468185e-02  -3.8045741e-02   1.5250337e-01   3.6699072e-03  -6.1588330e-05   9.2792257e-04
   9.0090710e-02  -6.5625510e-02   1.4376819e-01   3.2557357e-03  -1.8753854e-04   1.8853232e-04
   9.1428149e-02  -1.7252793e-02   1.8300964e-01   2.9079521e-03  -4.3260751e-04   2.4066485e-04
   8.3108408e-02  -1.0390788e-01   1.4542024e-01   5.5620362e-04  -7.2498529e-04   4.6838125e-04
   8.6353164e-02   9.0769849e-02   1.9107453e-01  -8.5806236e-04  -4.8089307e-04   5.0482205e-04
   8.3222790e-02  -5.4765633e-02   4.1815262e-02  -1.6294345e-03  -2.7538165e-04   6.9925417e-04
   4.9864916e-02  -6.3658817e-02  -4.6009224e-02  -7.5801435e-04   6.4007881e-04   8.9277725e-04
  -7.8568784e-03  -8.3012132e-02   5.0821558e-02   2.3422337e-04   6.7619634e-04   2.0696544e-03
   3.5992968e-02   5.7114373e-02   6.1360650e-02  -5.6127916e-04   3.5491971e-04   1.0157410e-03
   5.2159141e-02  -5.9066863e-02   8.1951516e-02  -7.7953034e-04   1.6335163e-04   8.5418529e-04
   5.6182309e-02   6.3020853e-02   1.0545600e-01  -8.0800651e-04   4.5757581e-04   6.5231483e-04
   7.0252663e-02  -1.4669468e-02   6.3972168e-02   5.8848224e-04   2.2084783e-04   6.1682015e-04
   1.0205992e-01   6.9659379e-02   1.4745164e-01   3.7295026e-04  -6.6585875e-04   4.5655575e-04
   9.3033590e-02   6.2930197e-02   4.6090654e-02  -2.0832409e-03  -2.0245953e-04   6.0003064e-04
   7.2032279e-02  -3.3435857e-02  -6.6030670e-02  -9.7170467e-04   6.6574525e-04   9.5993228e-04
   3.1724035e-02  -3.1266334e-02  -5.4582810e-02  -1.3016898e-04   7.7551367e-04   1.9298491e-03
   6.2978145e-02  -1.2761805e-02   7.3965676e-02   2.6468277e-03  -1.1753493e-04   9.6724225e-04
   9.1259867e-02  -1.4984390e-02   8.2030986e-02   2.3788461e-03  -1.0838248e-03   5.6968328e-04
   8.7308874e-02   7.9374426e-02   9.3923030e-02   5.5648332e-04  -3.8628803e-04   4.9318789e-04
   1.0064832e-01  -4.2677380e-02   5.2908863e-02   2.7353432e-03  -3.1505973e-04   4.9792507e-04
   1.1318812e-01   3.8657871e-02   7.0323160e-02   6.5494852e-04  -3.2201779e-04   5.8719488e-04
   1.0569069e-01  -7.0239371e-02   2.2012923e-02   1.7698206e-03   2.7421161e-04   7.8288806e-04
   7.4552697e-02  -2.0792638e-01  -3.1862469e-02   4.7903234e-04   4.4584936e-04   1.9978233e-03
  -1.2323917e-02  -1.8464984e-01   2.9783028e-02  -1.4758075e-05   6.4304820e-04   2.9565414e-03
   3.1045056e-02  -9.2842244e-02   5.1913361e-02   4.5340320e-05   1.1508604e-04   2.2866392e-03
   6.3621450e-02  -1.7597594e-01   1.0124738e-01   1.2019519e-03  -1.1280359e-03   1.9878228e-03
   6.9822567e-02  -9.2106271e-02   3.7626848e-02  -1.2810319e-03  -6.8165709e-04   1.7012207e-03
   6.4501884e-02  -4.5625537e-02   6.2742737e-02  -1.1391014e-03  -6.8427912e-04   1.6266884e-03
   8.9060845e-02  -7.7511835e-02   1.6595761e-01   2.4657376e-03  -1.2843153e-03   1.2815390e-03
   6.8216827e-02  -7.2057891e-02   9.9834064e-02  -8.3605108e-04  -4.0907940e-04   1.5850879e-03
   1.2565570e-02  -1.9235138e-01   6.0079914e-02  -6.2400526e-05   1.6192907e-05   2.1290582e-03
  -2.1815948e-02  -1.5724049e-01   1.5327685e-01  -1.6424317e-04   3.3578222e-04   2.7857494e-03
   7.1918041e-04  -2.0367219e-02   1.4816658e-01  -9.8583862e-04  -3.9235300e-04   1.9418195e-03
   4.2244405e-02  -1.4582730e-01   1.8889336e-01   2.0132383e-03  -8.5402987e-04   1.1408629e-03
   3.7214275e-02   1.5694856e-02   8.1245334e-02  -2.1667504e-03  -2.6048509e-06   1.5454664e-03
   4.3174313e-02  -3.8071369e-02   9.0549785e-02  -1.5113126e-03   1.2285511e-04   1.4171168e-03
   5.4258515e-02   3.1693648e-03   7.3298932e-02  -2.8079371e-05   7.4098203e-05   1.3774626e-03
   8.4162765e-02   1.9011118e-02   1.1015935e-01   4.3508604e-04  -6.4808147e-04   1.2400112e-03
   6.8434422e-02  -4.1862766e-02   7.9629781e-02  -1.1181335e-03  -1.4041293e-04   1.3642106e-03
   7.9527636e-02   4.2271793e-02   9.6282195e-02  -1.1747392e-03  -5.0570020e-04   1.1133488e-03
   8.3308729e-02   4.8906254e-02   1.2739765e-01  -1.3398403e-03  -4.8613038e-04   9.8793555e-04
   7.8725979e-02  -5.8718905e-02   1.2044425e-01  -1.7448410e-03  -5.7487217e-04   1.3626345e-03
   8.3063066e-02   4.7654129e-02   1.1807059e-01  -2.4225810e-03  -3.6649494e-04   1.5296845e-03
   7.2413583e-02  -1.0085976e-01   8.9061040e-02  -1.8395741e-03   2.0566117e-04   1.5777798e-03
   2.5043841e-02  -1.2833933e-01   8.1951674e-02  -2.5898240e-04   6.8040524e-04   1.8200000e-03
   4.9363308e-02   1.6349926e-02   1.3728477e-01  -1.8421174e-03  -2.4390306e-04   1.7309944e-03
   5.9997889e-02  -9.5218758e-02   9.2897400e-02  -1.0359954e-03   7.7623882e-05   1.4188101e-03
   7.6247529e-02   2.6623445e-02   7.5719074e-02  -2.4404555e-03   2.1999772e-05   1.4632279e-03
   8.8008240e-02   4.8732444e-02   1.1878314e-01  -2.4307412e-03  -5.3562163e-05   1.5020720e-03
   1.0440730e-01  -1.4014680e-02   1.7573335e-01   1.3103737e-03  -5.1193102e-04   1.3904270e-03
   9.6237189e-02  -4.0807500e-03   1.4023391e-01  -2.3125330e-03  -3.3451844e-04   1.6789587e-03
   8.0564769e-02  -7.8960858e-02   1.1795672e-01  -1.7800365e-03  -5.9673468e-05   1.6148821e-03
   1.3309471e-02  -1.3720993e-01   1.4383633e-01   6.9547430e-04   6.4861612e-04   2.1401378e-03
   4.2131393e-02   2.8337363e-04   1.3218447e-01  -7.8474737e-04  -5.9933155e-04   1.7604559e-03
   6.4046739e-02  -3.0125171e-02   8.1276828e-02   6.9179953e-05  -6.2329523e-04   1.3312130e-03
   7.9661822e-02   1.6094574e-02   8.5848052e-02  -4.3976243e-04  -6.9792005e-04   1.3685042e-03
   1.0263587e-01  -2.2375390e-02   7.2002265e-02   2.2858378e-04  -9.7618424e-04   1.0740579e-03
   9.7433306e-02   4.1757477e-02   8.1207733e-02  -1.0606974e-03  -6.3039444e-04   1.2360844e-03
   1.0301116e-01   2.2571791e-02   3.9824300e-02  -2.7839109e-03  -5.1622931e-04   1.3977827e-03
   7.2609499e-02  -8.2637275e-02  -3.2225414e-02  -1.9460320e-03   7.8731966e-05   2.2180555e-03
  -5.8224920e-03  -1.2039701e-01   8.9112578e-02  -4.1854298e-04   7.9663569e-05   2.6766490e-03
   1.6871558e-02   7.2101622e-02   7.6248105e-02  -2.5759613e-03  -3.0095823e-04   1.9646376e-03
   4.3230974e-02  -3.7656455e-02   8.9321955e-02  -9.2638330e-04  -2.7540773e-04   1.4886089e-03
   7.2404434e-02   9.2903021e-02   1.0904246e-01  -1.8973591e-03  -8.3012109e-04   1.4575894e-03
   7.5935794e-02  -5.6441250e-03   1.0673865e-01  -3.9970520e-05  -1.2027658e-03   1.5006867e-03
   1.2264081e-01   1.1505138e-01   1.9834371e-01  -4.2467373e-04  -1.7716618e-03   1.2300372e-03
   9.4300851e-02   5.4532567e-02   1.3799315e-01  -2.8245627e-03  -7.7348586e-04   1.4333996e-03
   8.1287168e-02  -3.1576923e-02   6.9771483e-02  -2.5768137e-03  -4.7563235e-04   1.8588029e-03
   4.2502007e-02  -3.6449194e-02   9.8828738e-02  -1.5728742e-03  -3.7541367e-04   2.7030078e-03
   6.0846012e-02   5.2750350e-02   1.1864765e-01  -1.6375034e-03  -6.7862999e-04   2.0102730e-03
   8.3924197e-02  -7.5695943e-02   1.3995052e-01  -8.5189774e-04  -1.0439930e-03   1.5040267e-03
   7.7108590e-02  -1.6693770e-02   1.3974077e-01  -4.2561170e-04  -5.6572013e-04   1.6804011e-03
   8.6103949e-02   3.2684201e-02   8.3951533e-02  -2.0305793e-03  -7.9428896e-04   1.2472264e-03
   7.9610473e-02   7.0200663e-03   1.2540757e-01  -9.9450721e-04  -6.4699590e-04   1.3973779e-03
   9.5128718e-02   2.9643652e-02   9.4231953e-02  -1.9568796e-03  -9.1042666e-04   1.2589563e-03
   5.2370400e-02  -6.5792743e-02   7.4957546e-02  -1.0102237e-03  -2.9382746e-04   1.9491379e-03
   2.8979006e-02  -7.9138724e-02   1.0468417e-01   7.5802019e-04  -1.9474405e-04   2.2770401e-03
   4.1831085e-02   3.0357135e-02   8.6351672e-02  -1.4656782e-03  -3.1231499e-04   2.1473656e-03
   6.2711931e-02  -4.8291848e-02   9.8388294e-02   1.2684879e-03  -2.7659261e-04   1.7118970e-03
   8.4047506e-02   8.4241709e-02   6.2292611e-02  -2.4671552e-03  -7.2716988e-04   1.7606765e-03
   9.6211785e-02  -8.9173265e-02   7.5794528e-02   4.4201020e-04  -1.6722581e-03   1.6115652e-03
   9.1832201e-02   6.0503843e-02   8.1709865e-03  -2.0385089e-03  -1.0191523e-03   1.4490776e-03
   9.0958303e-02  -1.0373854e-01   8.4529725e-02   1.7503458e-03  -1.1872800e-03   1.1609771e-03
   9.9202596e-02  -4.1754514e-02   4.9059400e-02   1.6628337e-03  -1.7275635e-03   1.1559894e-03
   8.2175637e-02   2.9966604e-02   3.4315964e-02  -1.0743854e-03  -1.0526406e-03   1.1236797e-03
   7.8809225e-02  -3.4756760e-02  -1.4970693e-02   6.0737960e-05  -1.0993096e-03   8.5365148e-04
