   0.0000000e+00  -2.7975077e-15   2.7975077e-15   0.0000000e+00   0.0000000e+00   0.0000000e+00
   1.2664631e-02   5.6090761e-03  -7.3328726e-02  -1.5789388e-03  -7.6440991e-05   2.8182948e-04
   5.4944006e-03  -5.4796343e-02   1.6395514e-02   2.5528142e-03  -5.6681905e-04   2.7884617e-04
  -1.8031001e-02  -9.8879125e-03  -3.3954600e-02  -1.0632501e-03  -5.1769587e-04   1.0386149e-03
   3.9120404e-02   1.0892763e-01   6.6562649e-02   2.4128692e-03  -1.5742239e-03   6.3065861e-04
   3.4213344e-02  -8.2184894e-02   5.4777336e-02   2.4239638e-03  -5.5222883e-04   4.1313490e-04
   1.4961927e-02   8.0550811e-02  -1.7337763e-02  -1.1259925e-03   1.7414645e-04   2.8026132e-04
   1.8789203e-02   4.6403677e-02  -3.6977484e-03  -1.6889175e-03   2.1980709e-04   3.2246158e-04
   3.9762576e-03   9.5640374e-02  -1.9220399e-02  -2.6698240e-03   3.2049929e-04   5.0361874e-04
   2.1150132e-02   3.8286767e-02  -2.4800477e-02  -2.3484215e-03  -3.8274145e-04   6.7531871e-04
   2.5147434e-02  -3.1477721e-02   1.2673345e-02  -4.7898785e-04  -1.7367769e-04   8.0782782e-04
  -5.0837515e-03  -6.5448485e-03   1.4135225e-02  -7.2286026e-04  -2.7784300e-04   1.0713256e-03
  -2.4906047e-02   1.6075801e-02   2.3658219e-02   6.3981331e-05   4.7135160e-05   1.2234336e-03
  -4.7067202e-03   9.7612472e-02   6.4222825e-03  -8.8678739e-04   2.1667493e-04   8.7744775e-04
  -2.4427939e-03  -5.3521410e-03   4.5149639e-02  -2.7780638e-05   1.8300694e-04   7.9977615e-04
   4.4659807e-03   2.4648636e-02   1.4450634e-02  -7.8238861e-04   1.2810994e-04   8.5618911e-04
   8.0307448e-04   5.9682009e-02   4.9900638e-02  -8.7643643e-04   9.3457554e-05   9.5651263e-04
   3.3400048e-02   1.7770973e-02  -1.1840140e-02  -1.6663027e-03  -3.6957547e-04   8.1875595e-04
   4.0516888e-02  -8.7393494e-02  -2.5124788e-02  -2.8054899e-04   1.3116304e-04   9.0375800e-04
   1.4049645e-02  -4.6669864e-02  -1.1512527e-03  -1.0177096e-04  -2.9046095e-04   1.3628977e-03
   3.3900107e-03   1.3229748e-02   7.0547683e-02   2.4962489e-03  -6.5673406e-04   1.0709594e-03
   1.6135865e-02  -2.4139990e-02   3.3027773e-02   5.3018641e-04  -7.3622640e-04   7.0349431e-04
   5.1312589e-03   2.0191689e-02  -1.0255755e-02  -5.9188916e-04  -2.6943709e-04   7.5812829e-04
   3.8876131e-03  -7.9178257e-03  -2.6721874e-02  -6.1673402e-04  -1.1120584e-04   5.0837698e-04
   1.5270140e-02   1.0170155e-01  -1.3162125e-02  -1.1623236e-03  -6.4040999e-04   6.8166993e-04
   1.9992076e-02   2.7723823e-02  -4.8445109e-02  -1.5710054e-03  -8.6514187e-04   6.7480123e-04
   2.3154529e-02  -5.6893700e-02  -1.4544128e-02  -1.4598935e-04  -6.4832421e-04   9.7742628e-04
   5.9106486e-03  -4.7156831e-02  -5.9811379e-03   2.3742280e-04  -7.7144150e-04   1.3331285e-03
   3.5572828e-04   1.0242805e-01  -5.0570748e-02  -1.0816159e-03  -7.0748833e-04   1.3784415e-03
   1.6439328e-02  -2.8097591e-02  -2.6744622e-02   1.1021613e-03  -4.6742259e-04   7.5966699e-04
   2.5938951e-02   2.7712074e-02   2.8515376e-02   2.6953038e-03  -7.5434631e-04   6.5654964e-04
   1.2609020e-02  -3.7464049e-03   2.6130321e-02   1.3050708e-03  -1.9457921e-04   6.8067657e-04
   3.5948225e-02   8.6611542e-02   4.3513951e-02   1.1439774e-03  -1.0537176e-03   7.0066939e-04
   2.4523813e-02   2.9090370e-02  -3.9709212e-02  -5.1598833e-04  -5.8288044e-04   6.6979687e-04
   2.5394161e-02  -1.1705684e-02  -4.3721609e-02   9.2388555e-05  -4.6376028e-04   8.9921227e-04
  -1.5687697e-02  -2.4508130e-02  -3.3420708e-03   2.4186434e-04  -5.1808962e-04   1.4097008e-03
  -1.7685378e-02   2.5442846e-02  -8.5730842e-03  -1.6918825e-04  -4.0645493e-04   1.6641570e-03
  -2.6689018e-03   3.2796143e-02  -8.2578009e-02   3.4129026e-04   9.9814322e-06   9.1703847e-04
   2.0152044e-03  -6.7461742e-02   5.1541912e-05   4.6665504e-03  -2.4073202e-04   5.2378697e-04
  -9.4549761e-03   5.8747391e-02  -5.3230835e-02   2.3011054e-05   2.4065643e-04   7.7932875e-04
  -2.1977736e-02   2.1592606e-02  -1.2677333e-02  -1.1555988e-06   5.8169393e-04   5.5924697e-04
  -1.2354027e-02   6.5362663e-02  -5.3428898e-03   4.4254461e-04   1.9593850e-04   7.8432860e-04
  -2.2843615e-02   4.9590787e-02   1.3070033e-02   5.7200912e-04   3.8452306e-04   7.2625046e-04
  -2.5605651e-02   7.5718365e-02  -3.2149018e-02  -1.8065571e-04   4.0338872e-04   6.4896164e-04
  -3.6561524e-02   6.8080949e-02  -4.3314068e-02  -8.6351139e-04   7.7813277e-04   6.1623146e-04
  -9.5038783e-03   1.6450107e-02   2.2472190e-02   3.0907552e-03  -5.0892225e-04   7.4138084e-04
  -7.9991230e-03   6.4001134e-02  -8.5908448e-02  -1.2811163e-03  -4.6215296e-04   9.1606406e-04
  -6.5145130e-03  -1.9473184e-02  -5.9309033e-02   2.2604801e-04  -5.4980494e-04   1.2129440e-03
  -2.8991036e-02  -1.6698631e-02  -4.9997127e-02   1.7670374e-03  -2.2495291e-04   8.1475379e-04
  -2.5424139e-02  -3.2187394e-02  -7.6538611e-02   3.4361738e-05   9.1828530e-06   8.2576730e-04
  -1.5209308e-02   1.5690484e-02  -1.4114546e-02   7.3211290e-04   1.9356421e-05   7.6470629e-04
  -5.1707821e-03   4.7522933e-02  -4.5565765e-02  -7.1839398e-04  -2.1881582e-04   7.8642278e-04
  -1.0486044e-02   5.2255278e-02  -1.2254736e-02  -4.2247660e-04  -2.1598981e-04   5.4408557e-04
  -1.5818536e-02  -2.3111299e-02  -2.1144979e-02   8.0204496e-04  -5.8895075e-04   1.1574413e-03
  -2.1306169e-02   3.7221488e-02  -6.6249837e-02   1.6465169e-04  -5.2452788e-04   1.3168109e-03
  -2.6422385e-02  -6.3172301e-02  -5.3566639e-02   1.4534598e-03  -4.6074351e-04   1.0511718e-03
  -3.4433544e-02  -2.0781508e-02  -2.7208220e-02   1.5654933e-03  -3.2566263e-04   1.4024085e-03
   1.4014667e-02   2.6523407e-02  -1.2586995e-02   3.5148618e-03  -9.2718845e-04   9.6079844e-04
  -1.8457049e-02  -2.1669312e-02  -5.9307951e-02   1.1675684e-03   3.4901761e-04   8.1244913e-04
   6.2911315e-03   4.4870658e-02  -2.8783720e-02   3.0659943e-03  -4.7192380e-04   7.8995825e-04
  -2.1559342e-02  -2.7022580e-02  -2.1566120e-02   1.2499437e-03  -7.5953111e-07   8.3336283e-04
  -1.2577042e-02   5.7683786e-02  -4.8137698e-02   3.6019385e-04  -1.8427326e-04   9.8548133e-04
  -1.2756719e-02   1.5417356e-02  -5.7399652e-02  -2.0309500e-04  -2.9435194e-04   8.8572429e-04
   9.9273596e-04  -3.4918768e-02  -6.6500715e-02  -3.3656196e-05  -4.4237842e-04   1.0397132e-03
  -3.8687168e-02  -4.7770895e-02  -1.7945037e-02   4.7378846e-04  -1.1551229e-04   1.2354922e-03
  -1.8846257e-02   3.9765952e-02  -4.2073396e-02   2.4515136e-03  -2.9890558e-04   9.0358557e-04
  -3.5340687e-02  -1.9580331e-02  -6.8839864e-02   9.0313511e-04   2.4105624e-04   1.0537188e-03
  -1.1832225e-02   3.7574833e-02  -3.9394577e-02   2.1398486e-03  -4.1651606e-04   8.8051135e-04
  -2.0065292e-02  -4.4356320e-02  -3.8401028e-03   2.9119744e-03  -2.2757255e-04   7.6041880e-04
  -1.9815620e-02  -4.7003018e-02  -8.7675792e-02  -2.4950284e-04  -2.7801421e-04   1.0261513e-03
  -6.4339979e-03   1.7782778e-02  -6.3982531e-02   2.1793381e-03  -3.8802947e-04   1.1309268e-03
  -2.1008819e-02  -9.4742946e-02  -1.5732402e-01   1.2339273e-03  -4.4097497e-04   1.3301056e-03
  -4.0202528e-02  -3.6338551e-02  -1.1125497e-01   1.5844937e-03  -3.0110721e-04   1.6213456e-03
  -2.7761707e-02   1.1512262e-01  -9.8827172e-02   6.5929975e-04  -5.9564295e-04   1.4130970e-03
  -1.7881276e-02  -9.2323539e-02  -1.0239740e-02   5.7520249e-03  -7.6468167e-04   1.0427904e-03
  -2.9479116e-02   2.7930424e-02  -7.2149557e-02   1.7007062e-03  -9.1434868e-05   1.1457134e-03
  -3.7463877e-02   3.4568562e-03  -1.4999852e-02   2.7172065e-03   2.8232275e-05   1.1758227e-03
  -1.2381851e-02   6.2678434e-02  -4.6781788e-02   1.6206519e-03  -3.1479129e-04   9.8803665e-04
  -1.8347135e-02   4.7339353e-02  -1.3127058e-01  -5.2373341e-04  -3.8206419e-04   1.1745084e-03
  -2.2023458e-02  -1.2848853e-02  -1.0546692e-01   1.0007628e-05  -3.8825644e-04   1.0883479e-03
  -4.9911993e-02   2.8274336e-03  -6.6874174e-02   9.7268253e-04   2.6841138e-04   1.1129669e-03
  -4.3727132e-02   3.8461772e-02  -5.5251601e-02   4.0316787e-04   1.0618915e-04   1.4181881e-03
  -2.2874396e-02  -7.1402931e-02  -7.6859470e-02   1.0455479e-03  -1.7332956e-04   1.5422441e-03
  -1.6109380e-02  -1.3138576e-02  -1.8466020e-02   3.2323804e-03  -1.5920926e-04   1.5516724e-03
  -2.0351919e-02   6.4520410e-02  -9.6599797e-02   2.6532691e-04  -2.6335753e-05   1.4641829e-03
  -3.8257665e-02  -3.7977580e-02  -6.9581621e-02   1.3082520e-03   5.5926580e-05   1.4555311e-03
  -3.1975102e-02   1.0906598e-01  -7.2757692e-02   7.6484931e-04  -2.3085275e-04   1.3856039e-03
  -4.4230501e-02  -1.6769259e-02  -7.5667346e-02   1.2263621e-03   8.1015944e-05   1.3558034e-03
  -3.3259131e-02   7.2619047e-02  -1.0545232e-01   5.4118736e-04   8.7340568e-06   1.4073381e-03
  -3.1478038e-02  -6.5296698e-02  -2.2806397e-02   4.2331568e-03  -3.3222282e-04   1.2516999e-03
  -3.1829705e-02   6.1794216e-02  -7.3484582e-02   1.2625069e-03  -1.0114239e-04   1.4976935e-03
  -2.8307164e-02   2.2940613e-02  -9.6112735e-02  -6.3311935e-05  -4.0498830e-04   1.6994763e-03
  -1.8951847e-02  -4.2845335e-02  -1.1171988e-01   7.5988632e-04  -3.8280256e-04   1.6977723e-03
  -2.8853696e-02   2.2180245e-03  -8.5997342e-02   6.6642444e-04   7.4563614e-05   2.2448377e-03
  -3.8668104e-02   1.1426598e-01  -7.9203597e-02   1.3011463e-04   1.2071158e-04   1.7325144e-03
  -3.3564070e-02   2.9478962e-02  -7.5237247e-02   3.8613924e-04   3.4690367e-04   1.4422857e-03
  -3.4276143e-02   9.4679961e-02  -9.8735391e-02   3.2832118e-04   1.4721920e-04   1.7868525e-03
  -3.5534719e-02  -3.5986419e-02  -7.9476071e-04   4.1046931e-03  -3.6375387e-04   1.7431267e-03
  -3.5771488e-02   1.0586247e-01  -5.3589316e-02   1.5117506e-03  -2.4701106e-04   1.7729414e-03
  -3.6640230e-02  -1.3362530e-02  -1.0738511e-01   8.6564546e-04  -4.4084870e-04   1.6962147e-03
  -4.5273318e-02  -5.4017321e-02  -6.6050498e-02   2.0539500e-03  -4.1556421e-04   2.1941258e-03
  -3.5372196e-02  -5.3228337e-02   4.2615033e-02   3.3772667e-03  -7.1463856e-04   2.5786143e-03
  -1.6120233e-02   1.6129151e-01   1.1762997e-02   2.0028976e-04  -1.5715008e-03   2.0126730e-03
  -1.8334300e-02  -6.7350425e-02  -1.8777510e-03   2.3396895e-03  -7.3984866e-04   1.8480018e-03
  -2.1465867e-02  -1.0615754e-01   1.0815148e-02   5.8569408e-03  -1.0250207e-03   1.6968528e-03
  -2.1446830e-02   1.2789394e-01  -5.4693245e-02   8.0225094e-04  -6.0714004e-04   1.8053549e-03
  -2.4912993e-02  -3.0175047e-02  -4.7824484e-02   2.0780460e-03  -4.0970229e-04   1.9296478e-03
  -7.8834656e-03   8.2457274e-02  -1.1707233e-01   4.0928208e-04  -1.0876312e-03   2.1107583e-03
  -1.6777294e-02  -7.6495579e-02  -1.2432066e-01   2.0159164e-03  -8.9308453e-04   1.7999660e-03
  -3.6803711e-02  -3.9484745e-02  -6.2727657e-02   1.9689720e-03  -7.6770984e-04   2.1019987e-03
  -1.4081975e-02   9.3192441e-02  -5.1224233e-02   3.4375980e-03  -5.7819189e-04   1.7895540e-03
  -2.5676187e-02  -4.2788186e-02  -4.5731366e-02   3.0348359e-03  -3.0554711e-04   1.9774837e-03
  -1.5732595e-02   4.9260385e-02  -4.3018660e-02   4.1183284e-03  -5.6606504e-04   1.8090741e-03
  -2.9991029e-02  -4.9261856e-02  -2.7729538e-02   3.2762465e-03  -4.3409902e-04   2.1041196e-03
  -5.9343999e-03   3.1232655e-02  -4.2666179e-02   3.6738857e-03  -8.3567371e-04   1.8303218e-03
  -1.9190241e-02  -2.1007200e-02  -1.0252595e-01   1.6168762e-03  -3.7899007e-04   2.0957531e-03
  -6.8774558e-02  -1.1083530e-01  -9.1561783e-02   3.6095709e-03  -3.6513648e-04   1.7066325e-03
  -7.1497270e-02  -1.1421741e-01  -6.5201353e-02   3.1928835e-03  -3.8069333e-04   2.3512000e-03
  -4.6098244e-02   2.7441325e-02  -8.7173083e-02   4.0002636e-03  -8.2305908e-04   3.1783229e-03
  -2.7775278e-02  -1.6192425e-01  -3.8128129e-02   6.4548871e-03  -9.3406634e-04   2.5175614e-03
  -4.5869340e-02   3.4578607e-02  -1.5865452e-01   1.5021389e-03   9.3005793e-05   2.3991816e-03
  -3.9194920e-02  -6.7666138e-02  -9.3018697e-02   3.0818488e-03  -2.9633108e-05   2.3202545e-03
  -2.6567950e-02   8.3874810e-02  -6.0091098e-02   2.0620819e-03  -6.4068621e-04   2.3548274e-03
  -3.4090906e-02  -6.0774631e-02  -5.5364616e-02   2.8429706e-03  -4.6279029e-04   2.3104330e-03
  -4.4307778e-02  -8.2071633e-02  -7.5642452e-02   3.1066197e-03   1.5335385e-04   2.0039479e-03
  -3.5311519e-02  -7.3285688e-02  -5.6386091e-02   2.7573974e-03   5.8172125e-05   2.7884623e-03
  -3.8798486e-02  -1.0874081e-02  -8.7277351e-02   3.0274256e-03  -2.3479843e-04   2.5205276e-03
  -5.0872132e-02  -7.8159589e-02  -6.0444759e-02   3.8434965e-03  -1.2861071e-04   2.0877234e-03
  -4.2908671e-02  -1.0802150e-02  -7.0379317e-02   5.9147133e-03  -5.2778801e-04   1.7994557e-03
  -6.5947245e-02  -4.7643747e-02  -8.0134224e-02   3.6976086e-03  -7.8823756e-05   1.8866847e-03
  -5.7021889e-02   5.7608943e-02  -7.9972241e-02   2.2812527e-03  -1.6236298e-04   1.7845489e-03
  -6.3901244e-02  -5.2924901e-02  -4.1193769e-02   3.1938680e-03   1.4916893e-05   1.7991091e-03
  -4.2024210e-02   4.0053544e-02  -6.7162128e-03   4.5737595e-03  -6.8800902e-04   1.5726955e-03
  -7.2209391e-02  -1.6748401e-02  -1.5478948e-02   2.3123466e-03   9.9351139e-05   1.6375239e-03
  -5.9243083e-02   4.9831663e-02  -5.2978018e-02   2.1478466e-03  -3.7500870e-05   1.9446895e-03
  -6.1980289e-02   1.9650057e-02  -6.6002537e-02   2.0483554e-03   2.6058049e-05   2.0788995e-03
  -5.7908100e-02   1.3000492e-02  -7.6716068e-02   1.3129695e-03  -1.8794227e-05   2.0968206e-03
  -6.0173467e-02  -4.7140734e-02  -8.4963986e-02   2.5108133e-03   1.3201482e-04   2.1461166e-03
  -6.0472234e-02   7.8780480e-03  -1.7031639e-02   2.0888006e-03  -4.9667304e-04   1.7665781e-03
  -3.4820418e-02   8.5333880e-02   3.1818555e-02   5.3160523e-03  -1.3973108e-03   1.7069360e-03
  -5.9285044e-02  -7.2539912e-02   5.1498302e-02   5.5033490e-03  -4.7449373e-04   1.4258786e-03
  -5.7457706e-02   8.3496790e-02  -3.4015563e-02   1.1515258e-03  -1.1669333e-04   1.7730349e-03
  -6.9362803e-02   5.1616311e-03  -1.9994732e-02   1.6686552e-03   1.7528792e-05   1.7788724e-03
  -5.4663560e-02   1.8970749e-01  -3.4296818e-02  -5.4071614e-05  -3.5309122e-04   1.9002103e-03
  -5.8882629e-02   1.8609333e-02  -7.4652829e-02   1.0391092e-03  -2.9232420e-04   2.1032199e-03
  -5.6288218e-02  -3.1072270e-02  -6.1754406e-02   1.7100110e-03  -4.1814700e-04   2.3293028e-03
  -6.6491481e-02  -1.3884049e-02  -2.5524954e-02   2.0067824e-03  -3.7386561e-04   2.4851684e-03
  -4.6413521e-02  -2.1319831e-02   7.4356791e-02   6.0855828e-03  -8.4862429e-04   2.0969254e-03
  -3.3764903e-02  -1.0285181e-02   8.5339966e-02   5.5558500e-03  -9.5912063e-04   1.8662787e-03
  -5.6124551e-02  -1.1771235e-01  -3.5537867e-02   3.0160880e-03  -3.2029332e-04   2.0454957e-03
  -5.2588485e-02   1.1259378e-01  -5.0914408e-02   1.9643976e-03  -4.2030665e-04   2.1610712e-03
  -5.0378505e-02  -4.9123266e-02  -3.3661532e-02   2.5525069e-03  -5.0220989e-04   2.2139735e-03
  -3.7201253e-02   1.5791378e-02  -7.1463381e-02   1.5870829e-03  -8.8800323e-04   2.6000798e-03
  -2.6415205e-02  -3.4009265e-02  -4.2506408e-02   1.7671321e-03  -1.3271828e-03   2.6342992e-03
  -3.7398685e-02  -1.3328809e-02   2.8877778e-03   3.3812545e-03  -1.1717674e-03   2.8378855e-03
  -3.0825567e-02   2.8756266e-02  -4.8201837e-04   2.7203996e-03  -1.0111074e-03   2.7114289e-03
  -3.0595270e-02   5.7286731e-02  -5.1595063e-03   3.3912776e-03  -7.8685276e-04   2.2387776e-03
  -3.3626147e-02   6.1090163e-02  -2.5542222e-02   1.3754559e-03  -4.9827558e-04   2.1900015e-03
  -3.0874064e-02   4.4774417e-02  -5.3389399e-02   1.0738004e-03  -5.5245577e-04   2.1935516e-03
  -3.8690911e-02   1.2255786e-01   5.8872760e-03   1.2564427e-03  -5.3314061e-04   2.0917276e-03
  -1.9919364e-02   7.4326523e-02  -5.9414616e-02   3.5906480e-04  -1.1419052e-03   2.0441433e-03
  -2.4413977e-02  -3.3915489e-02  -2.2923667e-02   1.7996236e-03  -7.5876084e-04   2.2378093e-03
  -5.4509377e-02  -1.3026934e-02   3.4270492e-03   2.0204502e-03  -6.0930024e-04   2.2394344e-03
  -3.8987574e-02   7.3694335e-02   8.3559422e-02   4.5954971e-03  -9.5424439e-04   2.1825611e-03
  -3.1998181e-02   3.4970200e-02   8.8763665e-03   2.1238188e-03  -7.6192051e-04   2.4424414e-03
  -3.5728274e-02   3.2978362e-02  -2.1492741e-02   1.9196097e-03  -4.4070822e-04   2.3644990e-03
  -2.4317312e-02   2.3884205e-02  -4.4571242e-02   2.3133390e-03  -9.6899487e-04   2.4606913e-03
  -2.1286550e-02   7.8520208e-02   2.6173380e-02   1.7256012e-03  -1.0447642e-03   2.3347115e-03
  -1.3852957e-02   2.7406948e-02  -2.8886134e-02   1.2830935e-03  -1.2806617e-03   2.2141899e-03
  -1.9350734e-02  -7.8998668e-02  -3.8374367e-02   2.7782937e-03  -1.1097842e-03   2.2045857e-03
  -4.3810994e-02  -3.3933711e-02  -2.8256911e-02   2.7550449e-03  -1.0911645e-03   2.7184694e-03
  -4.3369993e-02  -6.9673787e-03   1.9472689e-02   2.7810980e-03  -1.0429296e-03   2.7947359e-03
  -3.2212078e-02  -1.0160444e-01   7.0549023e-02   4.8943662e-03  -1.2381971e-03   2.4343031e-03
  -3.0692176e-02   1.1160147e-01  -6.2520331e-03   2.2600943e-03  -9.2696174e-04   2.3410236e-03
  -3.4292105e-02  -8.3212432e-03  -3.7377796e-02   2.4100421e-03  -9.2862227e-04   2.3925262e-03
  -2.5621837e-02  -2.6262305e-02   4.0721014e-02   4.8162745e-03  -1.2975379e-03   2.3724274e-03
  -2.8468990e-02   6.8263831e-03   1.3764435e-03   2.7068146e-03  -7.4757586e-04   2.4353504e-03
  -2.2044739e-02   9.9332808e-02  -4.2508211e-03   1.6848117e-03  -8.5191306e-04   2.3338181e-03
  -1.1671129e-02  -6.3314876e-02   3.9424238e-02   5.6162223e-03  -1.2418780e-03   2.2100523e-03
  -2.7256000e-02   7.9987351e-02   1.4993751e-03   2.1587742e-03  -7.4690370e-04   2.3373492e-03
  -2.3047258e-02  -7.1645436e-03  -1.0836508e-02   2.6667180e-03  -9.1744459e-04   2.4756045e-03
  -1.0740867e-02   2.0508773e-02  -7.2904621e-02   1.5638799e-03  -8.4013709e-04   2.7135458e-03
  -1.7012132e-02  -5.3915586e-02  -9.3199633e-02   2.4927809e-03  -9.0943906e-04   2.5515107e-03
  -3.6507397e-02   1.6540322e-02  -2.8483669e-02   2.5440174e-03  -1.0106340e-03   2.7448491e-03
  -2.3696900e-02   8.4022126e-02  -2.0891917e-02   3.0278473e-03  -1.0731936e-03   2.5043255e-03
  -2.1433280e-02  -9.0622214e-02  -4.2706679e-02   1.9127761e-03  -7.6494882e-04   2.1891275e-03
  -4.7070722e-03  -1.4575442e-02  -3.1244320e-02   4.9261291e-03  -1.2490264e-03   2.3128918e-03
  -2.0711817e-02   9.0028793e-02  -1.1036942e-01   1.4813791e-03  -1.0014673e-03   2.5202631e-03
  -2.7506785e-02   5.3079380e-03  -4.7053925e-02   3.2098292e-03  -9.4072427e-04   2.4198771e-03
  -1.8492656e-02   6.2557501e-02  -7.7596259e-02   1.4877501e-03  -1.4029012e-03   2.5499189e-03
  -3.0137338e-02  -5.5150034e-02  -8.5819800e-02   2.6098949e-03  -1.4915305e-03   2.7715081e-03
  -4.6222810e-02  -2.0047684e-02  -4.2880968e-02   3.5561748e-03  -1.1770184e-03   3.4486173e-03
  -9.2717317e-03  -2.3757912e-02   3.7394114e-02   7.7155692e-03  -2.4845807e-03   3.2391927e-03
  -5.2331660e-03  -3.9448124e-02   1.1352410e-02   7.1988382e-03  -1.5550926e-03   2.2087230e-03
  -3.4579831e-02  -2.6221845e-02  -5.6997264e-02   3.8913816e-03  -8.0263150e-04   2.5859272e-03
  -9.1255452e-03   2.1837197e-02  -7.1234708e-02   2.9384885e-03  -1.0820864e-03   2.5031675e-03
  -1.8778171e-02   4.4161292e-02  -4.3636712e-02   2.5411147e-03  -1.0506223e-03   2.5798991e-03
  -7.4844075e-03   7.6217990e-03  -1.3531656e-01   2.2254363e-03  -1.4155265e-03   2.7415661e-03
  -5.3438828e-03  -8.6392167e-02  -1.1694532e-01   2.7283564e-03  -1.0632441e-03   2.7295335e-03
  -3.8375333e-02  -3.0581154e-02  -7.1102332e-02   3.0120578e-03  -7.3036604e-04   3.0141730e-03
  -1.4079333e-02   3.0867435e-02   2.4135406e-03   6.8042751e-03  -1.6917137e-03   2.6499868e-03
  -7.4314740e-03  -3.8947331e-02   1.6061173e-02   6.8683935e-03  -1.3563543e-03   2.3011108e-03
  -2.2538806e-02   3.0509534e-02  -1.7764945e-02   3.6798981e-03  -1.0653459e-03   2.7281961e-03
  -1.2260916e-02   5.1298423e-02  -7.5800876e-02   2.3527672e-03  -1.1986998e-03   2.6737115e-03
  -3.2232803e-02   2.6239338e-02  -5.2840259e-02   2.9749180e-03  -7.8157731e-04   2.8076851e-03
   9.0239372e-04   5.4744048e-02  -1.0812643e-01   1.1933245e-03  -1.4493208e-03   2.8296534e-03
  -8.2060273e-03  -6.4696260e-02  -1.1292023e-01   2.2497804e-03  -1.0877312e-03   3.0262070e-03
  -1.3453331e-02  -1.2113070e-02  -1.0651736e-01   2.0356745e-03  -8.1341119e-04   3.8978213e-03
  -1.7505859e-02  -3.1858746e-03  -6.4998026e-02   5.4270483e-03  -1.2330459e-03   2.7204741e-03
   1.3480525e-02  -8.6008933e-02  -4.7640976e-02   6.5663938e-03  -1.3162308e-03   2.6045778e-03
  -1.1693472e-02   1.6097679e-02  -9.2096359e-02   3.1313730e-03  -4.6650061e-04   2.8664340e-03
  -3.4255749e-03   1.2535769e-02  -1.1539089e-01   2.8587980e-03  -7.0083614e-04   2.7641358e-03
   5.1106477e-03  -2.0305378e-02  -2.1023583e-03   5.7332798e-03  -1.3894176e-03   2.7373675e-03
   6.5156955e-03   5.0954497e-02  -6.3440607e-02   2.3871126e-03  -1.5770425e-03   2.6120343e-03
   3.4958467e-03  -5.0583047e-02  -7.8363846e-02   3.0828830e-03  -1.0448211e-03   2.6471972e-03
  -1.0164335e-02  -2.7781992e-02  -6.4013908e-02   2.9458232e-03  -7.8801849e-04   3.4725105e-03
   1.6332494e-02   5.5021422e-02  -7.5205077e-02   4.8210210e-03  -1.3315901e-03   2.8573314e-03
  -6.6588187e-03  -5.4268687e-02  -8.8558761e-02   3.7881303e-03  -5.1316808e-04   2.8078883e-03
   7.4869337e-04   7.8118721e-02  -1.2115779e-01   2.2980514e-03  -6.9178621e-04   2.6654442e-03
  -6.2841055e-03  -3.4757651e-02  -7.2863531e-02   3.8183693e-03  -7.3023189e-04   2.8169029e-03
   2.9560765e-03   1.0022020e-01  -1.0381715e-01   2.3200550e-03  -1.2356791e-03   2.7477975e-03
   2.8022025e-03  -1.1889904e-01  -2.9783837e-02   7.6397130e-03  -1.3230531e-03   2.5814982e-03
   1.1814495e-02   6.3024776e-02  -4.4425487e-02   6.5338447e-03  -1.5731205e-03   2.4327327e-03
  -4.1090116e-03  -7.8895258e-02  -1.8986788e-02   7.3453032e-03  -1.1910760e-03   2.4043654e-03
   7.3419047e-03   5.4884174e-02  -4.0476283e-02   5.4830146e-03  -1.1555206e-03   2.0545417e-03
