   0.0000000e+00   2.3308993e-16   4.6617986e-15   1.2638915e-34   6.2393506e-17   0.0000000e+00
   5.9519897e-03  -4.8669366e-03  -1.9619700e-02  -2.5510785e-04  -5.0821969e-05   2.0933587e-04
   2.4861159e-03  -7.0096097e-02  -4.3589212e-02  -4.4961321e-04   1.3361395e-04   1.6631957e-04
   1.0034779e-02  -6.9265859e-02  -1.5237714e-02   1.7933266e-03   1.7811355e-04   1.9476623e-04
   1.0131241e-03   3.7408389e-02   3.4975941e-02  -7.6339450e-04  -4.4895376e-04  -1.9075316e-04
   9.8136974e-03  -6.0959316e-02   6.0561539e-02   2.1661814e-04  -8.1551631e-04  -1.1123020e-04
   1.5624446e-02   2.5600701e-02   5.6531177e-02  -1.0039481e-03  -7.0488190e-04   4.0908369e-05
   3.4732443e-03   2.2091535e-02   6.0800002e-02  -7.7948707e-04  -2.3042933e-04  -6.3789703e-05
  -4.3292352e-03  -4.3373991e-02   5.8922497e-02   5.8895782e-05  -2.3105693e-04   2.5893483e-04
   5.7934330e-03   1.8071882e-02   5.1694566e-02  -5.0658216e-05  -5.9973843e-04   4.4340614e-04
   3.3553705e-03  -6.6873501e-02   5.6005578e-02   4.8518900e-04  -5.6616778e-04   3.0547087e-04
  -9.3231031e-03  -1.3360056e-01   5.6907861e-02   1.2553781e-03  -6.7129980e-04  -4.3644120e-05
   3.8008691e-03   1.0331510e-03   1.0652921e-01   4.2008558e-04  -1.3423501e-03   1.3575641e-04
   1.2309381e-02  -8.2993756e-02   1.1696547e-01   1.4125374e-03  -1.2697662e-03   1.4397470e-04
   2.3555770e-02  -7.4160168e-03   9.3179403e-02   5.3204729e-04  -1.2808139e-03   3.2195795e-04
   2.5984015e-02   1.6737019e-02   1.5095865e-01   8.7330544e-04  -1.3908202e-03   1.5795766e-04
   2.6029529e-02   3.6303823e-02   1.8832394e-01   2.9584776e-04  -1.5625910e-03   1.2203101e-04
   3.7027651e-02  -2.6158857e-02   1.3098406e-01  -4.5047192e-04  -1.7478321e-03   3.0062895e-05
   2.0920673e-02  -7.5890831e-02   2.7943744e-02  -3.3592747e-04  -9.6464853e-04   3.8442928e-04
  -1.2836093e-03  -1.5920920e-01   8.3075180e-02   3.0423073e-03  -1.1681966e-03   6.6425694e-04
   1.1984280e-02  -1.0077118e-01   1.1854810e-01   5.4739404e-04  -1.3547001e-03   4.2816992e-04
   2.1967245e-02  -9.4663039e-02   1.4076523e-01   9.5165598e-04  -1.7065744e-03   3.2387811e-04
   1.8869268e-02  -1.8653108e-02   1.5841209e-01   3.1439981e-04  -1.5778872e-03  -1.6493437e-04
   1.8526513e-02  -2.9144769e-02   1.9370480e-01   4.7166157e-05  -1.6595584e-03  -2.1189615e-04
   2.1900373e-02   2.1072297e-02   2.2582570e-01   1.7599057e-04  -1.6995351e-03  -1.1229216e-04
   1.9106881e-02  -6.0924547e-02   1.4793905e-01  -4.4689979e-04  -1.6649558e-03   5.7729573e-05
   5.1209018e-03  -1.3545719e-01   2.9237617e-02   2.7384564e-05  -6.8166041e-04   1.3952456e-04
   1.1942699e-02  -1.8269449e-01   1.2793927e-01   3.1264198e-03  -7.6245995e-04   4.4425305e-04
   1.4841462e-02  -8.5427560e-02   1.8398577e-01   2.2470074e-03  -1.2307518e-03   7.4260220e-04
   1.3264064e-02  -1.1616679e-01   1.6594933e-01   8.5005253e-04  -1.5592887e-03   7.8553078e-04
   1.5387492e-02  -5.9442857e-03   1.4150495e-01  -3.2729469e-04  -1.3116393e-03   3.0960194e-04
   9.4102154e-03  -1.1608919e-01   1.7312689e-01   8.3642448e-04  -1.3417510e-03   2.6884417e-04
   1.6432684e-02   2.2723263e-02   2.2404353e-01  -1.5526549e-04  -1.6754636e-03   3.1327105e-04
   1.8284558e-02  -3.2711597e-02   1.3897473e-01  -8.3710141e-04  -1.4567299e-03   2.4410977e-04
   5.3051503e-03  -1.0424319e-01   1.0844569e-01   1.5184983e-04  -1.0349888e-03   4.9322426e-04
   2.7901895e-03  -8.8713064e-02   1.2223594e-01   6.6289150e-04  -9.9457113e-04   1.1784337e-03
   3.7799765e-02  -2.6169648e-02   1.7181050e-01   2.1765504e-03  -1.6484724e-03   1.2870488e-04
   4.2429297e-02  -5.1730948e-02   2.0167313e-01   1.0545245e-03  -1.3581038e-03   2.5711264e-04
   3.6368808e-02  -3.8686674e-02   1.7236249e-01   9.2063074e-04  -1.0385129e-03   3.4221321e-04
   4.1276461e-02   8.4256033e-03   1.6701257e-01   3.6045706e-04  -1.0549789e-03   3.4794148e-04
   3.8366148e-02  -5.8651441e-03   1.6243990e-01   1.0068291e-05  -9.5947173e-04   3.9722505e-04
   2.6475219e-02   1.9849942e-02   1.8373517e-01   3.5231804e-04  -7.7888282e-04   2.6592989e-04
   1.6883556e-02  -4.5947911e-02   1.7890606e-01   1.2207624e-03  -8.0364097e-04   5.1090654e-04
   2.8688406e-02   3.0363496e-02   1.6805153e-01   6.5107437e-04  -9.8237398e-04   1.6180020e-04
   2.0615513e-02  -3.2980833e-02   2.0783858e-01   2.3095761e-03  -9.6197654e-04   1.0046466e-05
   2.4879046e-02   8.5698109e-02   2.0393618e-01  -4.2350646e-05  -1.0036561e-03   2.1578505e-04
   3.3910561e-02   6.3186539e-02   1.7078461e-01  -6.0313440e-04  -1.0735255e-03   6.3926149e-04
   2.4254606e-02  -1.8217715e-02   7.2376262e-02  -4.9231936e-04  -9.5263270e-04   9.2454836e-04
   2.0928899e-02  -3.0798030e-02   5.6431486e-02   2.3828415e-04  -1.9915221e-04   5.5871710e-04
   2.4716573e-02   4.2689633e-02   1.5752680e-01  -1.5296638e-04  -7.2072298e-04   4.0075014e-04
   3.2307929e-02  -6.7899084e-02   1.9181817e-01   1.4400099e-03  -9.9400073e-04   2.5604356e-04
   3.7311702e-02   3.3504636e-02   2.5060520e-01   1.7162208e-03  -1.2770864e-03   1.3094788e-04
   2.9236368e-02  -9.7053599e-03   1.9081591e-01   1.3323604e-03  -1.2788837e-03   2.4345799e-04
   3.4302583e-02   6.7744049e-02   2.2325129e-01   9.3913388e-04  -1.2020267e-03   2.2313310e-04
   5.3230061e-02  -4.7633534e-02   1.7599196e-01   1.6008117e-03  -1.1728165e-03   3.3844943e-04
   1.4867781e-02  -9.8949844e-02   9.8412750e-02   1.0423165e-03  -1.4173205e-03   1.3395506e-03
  -9.3075340e-03  -1.7571498e-01   1.7649655e-01   2.7783103e-03  -1.3831239e-03   1.3575924e-03
   1.0596597e-02  -1.7690804e-02   2.3924056e-01   1.5788344e-03  -1.8743771e-03   1.0266962e-03
   2.1048375e-02  -1.2045679e-01   2.3406925e-01   2.5526271e-03  -2.1757441e-03   1.0429709e-03
   1.5738909e-02  -1.2562824e-01   1.6841814e-01   5.3412174e-04  -2.7124590e-03   1.3308177e-03
   2.7548588e-02  -9.6841889e-02   2.2530067e-01   2.1844538e-03  -2.6801192e-03   8.3435381e-04
   2.5456047e-02  -3.7412416e-03   1.6607508e-01  -3.6124554e-04  -2.3340155e-03   7.6509739e-04
   2.5877237e-02  -4.7379211e-02   1.5851627e-01  -2.2091106e-05  -1.9673535e-03   7.3963021e-04
   2.4033372e-02  -1.0331222e-01   1.3194343e-01   1.9232364e-04  -2.0795369e-03   1.1410610e-03
  -4.4154835e-03  -1.3398628e-01   2.3552851e-01   1.8783903e-03  -2.7446733e-03   1.2104934e-03
   3.1170731e-02   1.3394327e-02   2.3556319e-01   1.2887701e-03  -2.8716969e-03   1.0879638e-03
   3.4913147e-02  -1.0059459e-01   1.9915263e-01   1.7402122e-03  -2.7646667e-03   7.9498935e-04
   3.1297400e-02   2.2506358e-02   1.5374607e-01  -2.3014481e-04  -2.4673844e-03   7.4181254e-04
   3.3938324e-02   2.1932657e-02   1.9527821e-01   1.0512578e-04  -2.4492064e-03   9.0525349e-04
   3.7219362e-02   7.5585732e-02   2.1575540e-01  -1.4126871e-04  -2.7243467e-03   8.2946321e-04
   3.9492819e-02   4.1819146e-02   2.3820031e-01  -1.1621697e-03  -2.7428480e-03   1.0543375e-03
   3.7011620e-02  -4.0934018e-02   1.8808966e-01  -9.8193139e-04  -2.4614095e-03   1.2860658e-03
   1.5542925e-02  -7.4348816e-02   1.8873546e-01  -5.6969940e-05  -2.2217072e-03   1.2176285e-03
   2.0136235e-02  -2.4499268e-03   2.5328474e-01   5.5256983e-04  -2.2995457e-03   8.5778099e-04
   3.3247197e-02  -2.1314863e-02   2.1939295e-01   6.1909960e-04  -2.3633307e-03   8.0823864e-04
   3.4584757e-02  -2.4824829e-02   2.3162254e-01   1.0500869e-03  -2.7072545e-03   9.7353971e-04
   4.6112049e-02   4.9581943e-02   2.0289427e-01  -6.7106375e-04  -2.4714032e-03   9.6427286e-04
   4.0537659e-02   3.0964419e-03   2.4046054e-01   1.9443843e-04  -2.2823946e-03   1.0070567e-03
   6.4611268e-02   5.3953562e-02   2.0742431e-01  -1.9727341e-03  -2.3254360e-03   1.5399304e-03
   4.8421887e-02  -4.5162687e-02   1.2464646e-01  -1.1538450e-03  -1.8745106e-03   1.8052898e-03
   2.0436625e-02  -9.6544381e-02   1.4834375e-01   1.7408225e-04  -2.3505858e-03   2.2252950e-03
   4.1590946e-02   4.5044520e-02   1.8479784e-01   4.4931516e-04  -2.4449493e-03   1.4310554e-03
   4.4961576e-02  -7.3870821e-02   2.3450822e-01   2.4135712e-03  -2.5835642e-03   8.2099823e-04
   4.1432826e-02   1.8863561e-02   2.2251226e-01   1.1581533e-03  -2.2822742e-03   7.4273005e-04
   3.9510501e-02  -4.3111507e-02   2.2696724e-01   1.3094664e-03  -2.4015468e-03   1.0582185e-03
   5.3703580e-02   7.7742316e-02   1.9959702e-01  -8.0716119e-04  -2.2988570e-03   1.0827125e-03
   5.8259375e-02  -2.3168470e-02   2.5286384e-01   1.5951370e-03  -2.2944372e-03   1.1328743e-03
   6.1513628e-02   2.0524561e-02   2.1870874e-01   8.6762077e-04  -2.1447773e-03   1.0735221e-03
   7.4538155e-02   7.1540985e-02   2.2648639e-01   6.9804026e-05  -2.2363206e-03   1.0057913e-03
   6.8236402e-02   2.3337454e-03   2.5297556e-01   1.0553601e-03  -2.1925481e-03   1.0712837e-03
   6.8730211e-02   4.2925134e-02   2.3933048e-01   7.3766628e-04  -2.3563890e-03   9.8292858e-04
   6.3948634e-02   1.9085775e-02   2.1219277e-01  -1.0439347e-03  -1.7544889e-03   1.4501288e-03
   4.8762001e-02  -5.5630064e-02   1.6055422e-01  -7.2288270e-05  -1.4581522e-03   1.6807388e-03
   1.5689807e-02  -1.1165255e-01   1.3173319e-01   8.9446164e-04  -1.4911535e-03   2.1846446e-03
   4.8336267e-02   2.2104604e-02   2.2152942e-01   2.0128754e-03  -1.9167025e-03   1.7879388e-03
   4.9129179e-02  -7.5002271e-02   2.6514240e-01   2.6441726e-03  -1.9145595e-03   1.5582412e-03
   5.7534741e-02   3.9604237e-03   2.1731558e-01   2.3631786e-03  -2.0334256e-03   1.0741327e-03
   4.5836871e-02   3.2035766e-03   2.6114019e-01   1.3399410e-03  -1.9387493e-03   1.3191839e-03
   6.1947086e-02   8.6955159e-02   2.7380689e-01   1.1171693e-03  -1.8997359e-03   1.1020924e-03
   8.4105749e-02   4.7812533e-02   2.0669039e-01  -1.0089931e-03  -1.9383065e-03   1.6330881e-03
   7.5834702e-02  -6.4188180e-02   1.5663689e-01  -8.6111316e-04  -1.5784922e-03   1.7951223e-03
   4.1375465e-02  -9.8922544e-02   1.2741577e-01   4.2224408e-04  -1.4390042e-03   2.3458850e-03
   7.0177844e-02  -4.6773405e-02   2.3393877e-01   2.9794017e-03  -1.7767297e-03   1.7364337e-03
   7.2117618e-02  -4.2952532e-02   2.4291865e-01   1.7009700e-03  -1.4301531e-03   1.4282469e-03
   7.3157854e-02   6.7711643e-02   2.7090145e-01   8.4098038e-04  -1.6709752e-03   1.2179379e-03
   6.8074586e-02  -4.5469551e-03   2.5362702e-01   1.5073258e-03  -1.6942350e-03   1.4065874e-03
   8.0860763e-02   3.4824124e-02   3.2023560e-01   2.4285328e-03  -2.0089186e-03   1.1528472e-03
   8.2123516e-02  -1.4023545e-02   2.0335672e-01   1.9398714e-04  -1.2961435e-03   1.3316990e-03
   3.6309003e-02  -1.1283922e-01   9.0492110e-02   1.0856719e-03  -1.0907262e-03   1.7611202e-03
   2.0143158e-03  -1.8587979e-01   1.6879987e-01   2.0912481e-03  -1.0149036e-03   1.9818331e-03
   3.3487062e-02   4.5845599e-03   2.6580926e-01   1.9073708e-03  -1.4182592e-03   1.9498240e-03
   4.6520976e-02  -1.1276140e-01   2.4261837e-01   1.8646233e-03  -1.4641816e-03   1.5702157e-03
   6.5705644e-02   4.5005009e-02   2.1598883e-01   2.0257853e-03  -1.5521218e-03   5.1388641e-04
   5.7240655e-02  -9.5640380e-02   2.2246824e-01   3.3364648e-03  -9.0409774e-04   3.9503636e-04
   5.7194940e-02   4.2557994e-02   2.0054756e-01   1.0096687e-03  -1.4657554e-03   7.8114643e-04
   5.8438442e-02   1.2635691e-02   2.2725485e-01   4.6357253e-04  -1.2027614e-03   1.1417810e-03
   4.5602281e-02  -6.2705653e-02   1.7423692e-01   9.9070144e-04  -1.1072380e-03   1.2489149e-03
   3.8828058e-02  -4.6499970e-02   2.1787784e-01   2.1826538e-03  -1.2965013e-03   1.4634639e-03
   6.7095742e-02   1.9042489e-02   2.7514643e-01   2.6299056e-03  -1.8127887e-03   1.1370240e-03
   7.2973636e-02   2.2892391e-02   2.6817448e-01   2.3829848e-03  -1.7967669e-03   9.0967520e-04
   7.3511032e-02   4.3548848e-02   2.4872386e-01   9.4577022e-04  -1.8407115e-03   1.1591395e-03
   8.7779801e-02   1.0026208e-01   2.2782556e-01  -1.0799917e-04  -1.8853643e-03   1.0046136e-03
   8.7589524e-02   7.3789217e-02   2.5835458e-01   4.2310575e-04  -1.7356785e-03   1.1669286e-03
   9.1118007e-02   5.0706481e-02   2.0873878e-01  -9.0707437e-04  -1.8311728e-03   1.2391777e-03
   8.3416556e-02  -5.3017484e-02   1.1202727e-01   4.4044339e-04  -1.0405303e-03   1.8519008e-03
   5.5425971e-02  -5.3769905e-02   1.3027543e-01   1.3293613e-03  -1.1448120e-03   2.4845463e-03
   7.8531045e-02   1.6850178e-02   2.1329219e-01   2.6300832e-03  -1.5693839e-03   2.0744597e-03
   9.9686553e-02   7.7657219e-03   2.5055205e-01   2.9618428e-03  -1.6845149e-03   1.3004231e-03
   9.5518907e-02   7.9536811e-02   2.4526975e-01   1.1883693e-03  -1.7370153e-03   1.5702843e-03
   1.0742194e-01   2.2940903e-02   2.3666868e-01   2.1098355e-03  -1.8170050e-03   1.2561107e-03
   9.6178910e-02   1.1532638e-01   1.7546507e-01  -3.3476927e-04  -1.5072305e-03   1.5960458e-03
   9.6449071e-02   5.6871515e-03   1.9483009e-01   1.7483723e-03  -1.2850889e-03   1.5438648e-03
   1.1217784e-01   9.9968462e-02   1.9889946e-01   7.4359131e-04  -1.5855423e-03   1.5606009e-03
   8.5986776e-02   1.6795227e-03   1.9728744e-01   2.6182773e-03  -1.2368519e-03   1.4893244e-03
   8.5986229e-02   8.9759380e-02   1.7555725e-01  -8.8416424e-05  -1.3253653e-03   1.4642124e-03
   8.8050331e-02   1.4096166e-02   2.1571962e-01   2.5613604e-03  -1.0720889e-03   1.5042631e-03
   9.5748524e-02   1.1315225e-01   1.8994485e-01  -1.5572675e-04  -9.0936410e-04   1.5112176e-03
   7.8787200e-02  -6.8271773e-03   1.3134398e-01   1.8130317e-04  -6.5721059e-04   1.7988668e-03
   6.0461985e-02  -2.0339750e-02   1.3434592e-01   1.2326986e-03  -6.7052544e-04   2.3384645e-03
   8.0534335e-02   3.5174822e-02   2.1407708e-01   2.4206470e-03  -8.8941418e-04   1.8006801e-03
   1.0696494e-01  -1.5922069e-02   2.5882517e-01   4.2653456e-03  -1.2229228e-03   1.3526022e-03
   1.1790065e-01   8.6548453e-02   2.7549703e-01   2.9090460e-03  -1.1071887e-03   1.1681301e-03
   1.1632455e-01   3.7198754e-02   2.6873912e-01   3.4529059e-03  -9.7708665e-04   1.4144995e-03
   1.2152175e-01   1.1455524e-01   2.2947970e-01   1.8756064e-03  -8.8486524e-04   1.2443012e-03
   1.1341145e-01   5.2650099e-02   1.4086317e-01   9.0165886e-04  -6.7090978e-06   1.6384765e-03
   7.3288954e-02  -7.1468596e-02   6.4343287e-02   1.2103441e-03  -4.2175104e-05   2.1345622e-03
   4.1128468e-02  -3.3127254e-02   1.0102041e-01   2.3955979e-03  -4.9741388e-04   2.9567741e-03
   9.2886134e-02   3.8237583e-02   1.6663151e-01   2.7257249e-03  -1.0356616e-03   1.9566944e-03
   1.0566705e-01  -4.5900857e-02   1.7053164e-01   3.6622583e-03  -7.7802362e-04   1.0847536e-03
   1.2156326e-01   1.4285348e-01   2.3546693e-01   2.5427045e-03  -6.2249189e-04   1.2373657e-03
   1.2836292e-01   5.7735721e-02   2.0183933e-01   2.2719887e-03  -4.5938041e-04   1.6168024e-03
   1.3340239e-01   8.2183072e-02   2.2309688e-01   2.9154298e-03  -9.7341806e-04   1.3838654e-03
   1.3005339e-01   8.8435241e-02   1.5310763e-01  -4.7863017e-04  -7.6318794e-04   1.8507395e-03
   1.1258172e-01   4.1857206e-03   8.5153042e-02  -1.3150865e-04  -3.2301801e-04   2.6672115e-03
   7.6852646e-02   7.8866763e-03   7.1505579e-02   4.7963860e-04  -2.1758951e-04   3.0555034e-03
   1.0725265e-01   2.7490363e-02   1.4000516e-01   2.9541392e-03  -6.5990247e-04   1.7997401e-03
   1.0493022e-01  -9.6514389e-02   1.6056372e-01   1.2973017e-03  -8.9109815e-04   1.8993836e-03
   1.1245052e-01   6.1597244e-02   1.3673585e-01   1.8615718e-04  -6.4820236e-04   1.7072673e-03
   1.1595032e-01   1.8536862e-02   1.8433473e-01   1.3392860e-03  -5.3196034e-04   1.5040454e-03
   1.2168539e-01   1.3669138e-01   1.9849816e-01   8.5002633e-04  -4.6466533e-04   1.2690633e-03
   1.0717050e-01   7.8227941e-02   1.5629769e-01   1.1717196e-04  -5.2951640e-04   1.6831910e-03
   9.6020308e-02   3.0912685e-03   1.2918772e-01   5.4256087e-04  -4.5520525e-04   2.0366289e-03
   7.6393151e-02   1.9832524e-02   1.2684652e-01   1.3140473e-03   3.4001009e-05   2.5702345e-03
   1.0419243e-01   7.9580577e-02   1.7359936e-01   1.7882678e-03  -3.5161148e-04   2.2264862e-03
   1.1610363e-01  -1.4286565e-02   1.8657277e-01   3.1936255e-03  -2.9381699e-04   1.4862717e-03
   1.2293961e-01   1.2740721e-01   1.7860237e-01   1.2666199e-03   4.3244094e-05   1.5424342e-03
   1.4294059e-01   1.0800765e-02   1.8223507e-01   2.9342598e-03  -4.1305230e-04   1.7350558e-03
   1.3903716e-01   1.4076282e-01   1.5632085e-01   8.3904770e-04  -4.4478787e-04   1.5072197e-03
   1.3457988e-01   6.9797242e-02   7.7692179e-02   4.6043998e-04  -6.2176808e-05   1.8373871e-03
   1.0663224e-01   2.2040366e-02   4.8749584e-04   7.9579230e-04   3.2036966e-04   3.1652210e-03
   4.5114241e-02  -6.3161415e-02   6.1712574e-02   1.4676826e-03  -5.9133784e-04   3.9107207e-03
   8.7000830e-02   1.4463633e-01   1.1388535e-01   3.9350784e-04  -9.0916707e-04   2.9191600e-03
   1.1292971e-01  -4.4990280e-02   1.1260844e-01   2.7363517e-03  -7.1406477e-04   2.1467212e-03
   1.4517960e-01   9.6753786e-02   1.4816413e-01   2.4042742e-03  -1.1030827e-03   1.8325344e-03
   1.6895037e-01   1.2240871e-01   1.6315208e-01   2.0399428e-03  -1.5654664e-03   2.1363158e-03
   1.6134192e-01   1.0416510e-01   1.6082639e-01   2.7340227e-03  -1.4414225e-03   1.6256763e-03
   1.6082978e-01   1.5171916e-01   1.9798073e-01   1.6245994e-03  -1.3496741e-03   1.6659110e-03
   1.6672988e-01   1.3381212e-01   2.0983195e-01   2.3079388e-03  -1.4534812e-03   2.1720861e-03
   1.5735234e-01   9.2088949e-02   1.0381630e-01   1.3915059e-03  -1.1162069e-03   1.7853349e-03
   1.3649557e-01   5.5826969e-02   1.3416426e-01   1.3126018e-03  -5.8827235e-04   1.6735964e-03
   1.4866603e-01   7.9462423e-02   1.9178694e-01   2.5768521e-03  -1.0881509e-03   1.5406209e-03
   1.5153985e-01   1.6342158e-01   1.4397063e-01   3.5036242e-04  -9.7496741e-04   1.7773754e-03
   1.1999776e-01   1.4357278e-02   9.2742317e-02   9.8454757e-04  -1.0163813e-03   2.3779146e-03
   8.1366200e-02   4.2108761e-02   1.1191906e-01   1.3710597e-03  -5.9532050e-04   3.2027098e-03
   1.1323926e-01   5.7480965e-02   1.9194172e-01   3.6465789e-03  -1.1730306e-03   2.4796411e-03
   1.3370261e-01   3.3307881e-02   2.0222261e-01   4.2448918e-03  -9.0184734e-04   1.4082370e-03
   1.4091812e-01   1.1948193e-01   2.1766952e-01   3.4195061e-03  -6.3279858e-04   1.3294395e-03
   1.2500296e-01   5.6935610e-02   1.7965333e-01   4.4375529e-03  -4.5483203e-04   9.6163639e-04
   1.3098423e-01   1.3365716e-01   1.9554385e-01   2.2397248e-03  -6.5481944e-04   1.1408729e-03
   1.5266087e-01   9.1040633e-02   8.2810082e-02   3.9245213e-04  -7.2465122e-04   1.8610736e-03
   1.2488044e-01  -1.9972225e-02  -1.6247929e-03   1.1274321e-03  -3.3117124e-04   2.6516026e-03
   8.2904585e-02  -7.0563951e-03   2.7959948e-02   1.5256584e-03  -2.6472569e-04   3.6532780e-03
   1.2307337e-01   4.2736065e-02   1.9937914e-02   1.1472798e-03  -7.7597795e-04   2.6153135e-03
   1.3506626e-01   4.4839314e-02   1.1761775e-01   3.5468857e-03  -2.1008998e-04   1.5270901e-03
   1.4449930e-01   3.6264516e-02   9.8477510e-02   2.5722860e-03  -3.2876717e-04   1.4088023e-03
   1.3933999e-01   1.1867297e-01   1.0165079e-01   8.7026572e-04  -4.5390136e-04   1.5471958e-03
   1.2554933e-01   1.1077826e-01   1.4366220e-01   1.7158351e-03  -3.3831586e-05   1.5957305e-03
   1.5782381e-01   8.0310554e-02   5.2249586e-02   6.4274570e-04  -6.6177165e-04   1.9533391e-03
   1.3517508e-01  -9.3010091e-03   1.3532289e-02   1.0419816e-03  -4.1059088e-04   1.9144678e-03
   1.1717043e-01   3.1435075e-04  -3.7480880e-03   1.9780024e-03   4.3289135e-04   2.0992421e-03
   1.1823158e-01   5.7976918e-02   8.6624861e-02   2.7287051e-03  -2.6025413e-04   1.9647270e-03
   1.3796486e-01  -2.6744052e-02   1.0001471e-01   3.9307120e-03  -4.7345054e-04   1.3809010e-03
   1.3874509e-01   1.1488725e-01   1.1357818e-01   2.6003256e-03  -3.6816724e-04   1.5442306e-03
   1.4307674e-01   8.0824208e-02   1.1124719e-01   3.4397784e-03  -4.5607172e-04   1.6862388e-03
   1.5015820e-01   1.6476358e-01   1.3843899e-01   2.0225762e-03  -5.0801171e-04   1.7556170e-03
   1.4790193e-01   8.8256922e-02   4.9066666e-02   1.1701489e-03  -4.9992894e-04   1.6276529e-03
   1.1787474e-01   8.3499692e-03  -2.9050834e-02   2.1631358e-03   2.3833075e-04   2.7617938e-03
   8.5313397e-02  -4.0933920e-02  -5.8281115e-03   2.1102287e-03  -4.6492184e-04   3.8845199e-03
   1.0662424e-01   6.7779089e-02   3.3413533e-02   1.6185926e-03  -7.7292990e-04   3.0340893e-03
   9.5797088e-02  -4.9170876e-02   2.3583747e-02   1.7698151e-03  -8.8965420e-04   2.9103016e-03
   1.0829565e-01   9.9148625e-02   1.8638459e-02   1.5774311e-03  -6.6737570e-04   2.1499742e-03
   1.2211174e-01   6.0533398e-02   7.0984249e-02   2.9230819e-03  -5.9606943e-04   1.7221002e-03
   1.4651473e-01   1.2333248e-01   1.2093331e-01   2.4606875e-03  -8.7056673e-04   1.3402312e-03
   1.4657985e-01   1.2641261e-01   3.8687694e-02   7.7270988e-04  -9.4828727e-04   1.7492691e-03
   1.3550535e-01   1.8530217e-02   3.1825082e-02   1.8733217e-03  -8.2878715e-04   2.0666880e-03
   1.0502812e-01   4.5460573e-02   5.7739276e-02   2.1355028e-03  -6.1093771e-04   2.6954900e-03
   1.3421204e-01   9.0804044e-02   1.3700950e-01   3.7356520e-03  -9.3068609e-04   2.0549355e-03
   1.3882441e-01   3.6623472e-03   1.0370683e-01   4.1506869e-03  -7.1275713e-04   1.6930199e-03
   1.3224521e-01   1.2106330e-01   9.9000842e-02   1.9482231e-03  -5.7237039e-04   1.7649031e-03
   1.3969952e-01   8.4644248e-02   1.0137449e-01   3.3342656e-03  -7.4510502e-04   1.7752915e-03
   1.4145722e-01   1.6864340e-01   1.1444260e-01   1.1904582e-03  -8.6705543e-04   1.7036467e-03
   1.3888560e-01   3.0121832e-02   1.0351974e-01   2.8052329e-03  -8.6158713e-04   1.7542474e-03
   1.4382263e-01   7.9897389e-02   5.7149212e-02   1.6108108e-03  -9.7736199e-04   1.5969455e-03
   1.2572677e-01   2.5519952e-02   8.9679391e-02   2.2025531e-03  -9.9112154e-04   1.7212580e-03
   1.2044881e-01  -2.4441589e-02   7.3402513e-02   3.8293764e-03  -1.1911069e-03   1.4989813e-03
