   1.4902783e-14   1.0711375e-14  -5.5885436e-15  -1.6068513e-17  -1.8940532e-33   1.2495412e-16
  -9.3901494e-03  -1.3519599e-02  -5.6537442e-02  -3.8898950e-03   6.2944292e-04   2.6744882e-04
  -1.0238507e-02  -5.6089704e-02   3.1198180e-03  -2.2448495e-03  -1.0268646e-04   1.2135085e-03
  -2.0451828e-02  -7.6516280e-02   2.3406349e-02  -2.8513991e-03  -2.6582240e-04   6.2633007e-04
   3.3041362e-02   9.5555292e-02   8.6317640e-02  -1.3056657e-03  -8.2449104e-04   4.3587456e-05
   1.7106943e-02  -3.3976143e-02   8.7042393e-02  -5.0440326e-04   1.2417368e-04   2.6914200e-04
  -4.3771043e-03  -5.1800266e-03   5.5112401e-02  -4.9078551e-03  -2.1956983e-05   1.9369316e-04
  -1.0106282e-02   1.1354147e-01   2.7185452e-02  -4.7912922e-03  -1.8440067e-04   4.0790756e-04
  -9.6314153e-03   8.1649970e-03   6.5429578e-02  -1.6493658e-03  -1.2722872e-04   4.9746301e-04
   2.7410118e-02   6.8663818e-02   1.2882214e-02  -5.3121188e-03  -7.5604385e-04   1.2569053e-05
   1.7265831e-02  -5.2059058e-02  -9.3010711e-03  -3.2094572e-03  -4.7454370e-04   5.7451057e-04
  -1.2234156e-02  -4.2943430e-02   6.6384934e-02  -3.8771619e-03  -8.6524725e-04   8.4550296e-04
  -9.8658535e-03   7.3499956e-02   7.9541126e-02  -1.8893231e-03  -1.1276945e-03   6.1576876e-04
  -4.6938625e-03  -5.0597828e-02   1.1106903e-01   1.9469583e-03  -1.7574819e-03   7.6486416e-04
  -2.7250603e-02  -1.3123481e-02  -2.2790062e-02  -4.3877652e-03  -8.3911625e-04   3.4123738e-04
  -3.2652174e-02   3.7273092e-02  -1.5914291e-03  -3.3679859e-03  -7.5292451e-04   7.0413366e-04
  -2.2459293e-03   2.7587564e-02   6.9660596e-02  -1.3975779e-04  -1.9429516e-03   3.9633811e-04
   4.9918241e-04   3.0967363e-02  -1.5132347e-02  -3.9624527e-03  -1.4819323e-03   6.8160913e-04
   2.1137920e-02  -3.3424758e-02  -1.5190940e-02  -2.6044311e-03  -1.3076946e-03   1.3201343e-03
  -1.4363213e-02  -2.5741041e-02   5.9310796e-02  -3.6782721e-03  -1.1632358e-03   8.1144853e-04
   1.2577088e-02   1.0286341e-01   6.3059108e-02  -7.0319532e-05  -2.1384724e-03   9.0431083e-04
  -1.7080828e-02  -1.0582872e-02   4.8510955e-02  -3.5288583e-03  -6.2819021e-04   5.7976431e-04
  -1.0443748e-02   9.7361399e-02   5.8778540e-02  -3.8847997e-03  -1.0615620e-03   4.4673602e-04
  -1.2124035e-02  -5.2204159e-04   6.7078768e-02  -3.2332564e-03  -8.4405017e-04   5.6440609e-04
   2.8181639e-03   1.3135404e-01   1.0409484e-01  -3.2871122e-03  -1.2607603e-03   3.7581341e-04
  -4.4309107e-03  -4.4817739e-02   1.1696837e-02  -4.4409848e-03  -6.7765199e-04   5.8534606e-04
   2.8595962e-03  -4.1493426e-02   9.5675059e-02  -4.1004501e-03  -9.1118417e-04   1.4120670e-03
  -4.3700448e-02  -5.5415095e-02   1.4234334e-01  -3.1591907e-03  -9.9743325e-04   1.8178173e-03
   1.3843668e-02   7.1670412e-02   2.8388749e-01   1.6285548e-03  -3.2812150e-03   1.6124547e-03
  -2.1253675e-02   2.8200442e-02   1.9024495e-01  -2.7509026e-03  -1.9684459e-03   4.5921845e-04
  -2.5107411e-02  -1.4531443e-01   1.2673758e-01  -5.0075177e-03  -1.9311878e-03   5.2403303e-04
  -2.2239912e-02   9.2746738e-02   1.2372331e-01  -3.8663188e-03  -1.6546039e-03   5.2893579e-04
  -1.6118147e-02  -4.0461895e-02   1.5800013e-01   7.7892612e-04  -2.1023977e-03   7.6764495e-04
  -1.4286957e-02   6.4581401e-02   5.2020032e-02  -5.2201365e-03  -1.8299648e-03   4.0097656e-04
  -1.0323148e-02  -1.5785497e-02   1.1239633e-01  -3.9754781e-03  -1.7073887e-03   6.7637248e-04
  -2.2374868e-02  -4.6858517e-03   1.5243676e-01  -4.3012779e-03  -1.5636446e-03   1.3653574e-03
  -2.5293666e-02   1.1562237e-01   1.9549531e-01  -4.5094582e-03  -1.4979690e-03   1.2438360e-03
  -1.5713718e-02   1.5069840e-02   1.4129571e-01  -4.2860423e-03  -1.5942647e-03   1.4490468e-03
  -2.7977602e-02   5.8801447e-02   1.6288065e-01  -3.7690700e-03  -1.5117391e-03   1.4664878e-03
  -3.0749298e-04  -9.1310989e-04   2.1360592e-01   5.2409143e-04  -2.2075330e-03   1.2884087e-03
  -2.7116501e-03   8.8898333e-02   1.9595796e-01  -1.9525904e-03  -1.6022414e-03   1.2885724e-03
  -5.5240796e-03  -4.3250488e-02   2.5029352e-01   2.7358272e-05  -1.9308798e-03   1.3317356e-03
   7.4275506e-03   8.4412701e-02   2.7557001e-01   6.1448213e-04  -2.1126115e-03   1.2075668e-03
  -1.0087486e-02  -1.0684283e-02   2.1341144e-01  -3.0113454e-03  -1.4426902e-03   9.6956424e-04
  -1.3253693e-02   9.3031242e-02   1.9832323e-01  -4.1305300e-03  -1.4521236e-03   7.7433851e-04
  -1.3731806e-02   2.8847349e-02   2.0662198e-01  -1.8132843e-03  -1.4693847e-03   7.6247426e-04
  -7.2358663e-03   9.6894248e-02   1.6076376e-01  -4.9195058e-03  -1.8760400e-03   6.7468221e-04
  -7.4003059e-03   2.0079672e-02   1.5274085e-01  -4.0900150e-03  -1.6028536e-03   7.9153801e-04
  -2.4234198e-02   2.0674398e-02   1.3913945e-01  -4.5598151e-03  -1.2159336e-03   8.0202551e-04
   9.0959173e-04  -1.0172514e-03   2.3882259e-01   1.2740664e-03  -2.5101317e-03   1.1649687e-03
  -6.9050342e-03  -1.8959301e-02   1.9401984e-01  -4.0733825e-03  -1.7541186e-03   6.7936281e-04
  -1.7901189e-02   4.4280359e-02   1.6553531e-01  -3.9815636e-03  -1.3763352e-03   7.8886592e-04
  -1.1646934e-02   5.9712753e-02   1.5180466e-01  -3.7587407e-03  -1.5333560e-03   7.2727361e-04
  -5.9988783e-03   8.1257274e-02   2.1316756e-01  -3.5653950e-03  -1.6890871e-03   6.8782220e-04
   2.6193850e-02   6.4607469e-02   1.6463067e-01  -4.8554800e-03  -1.9593987e-03   6.3576577e-04
   6.6606185e-04  -4.7349983e-02   1.1141922e-01  -3.2309219e-03  -1.5217749e-03   1.0006651e-03
   2.5930048e-02   7.9789846e-03   1.3382320e-01  -3.8384780e-03  -1.5969082e-03   1.4120566e-03
   2.7476596e-02   4.1081807e-02   2.4051237e-01   2.3358031e-03  -2.8217461e-03   1.3304521e-03
   1.6328758e-02  -5.1050835e-03   2.2662414e-01   1.3447808e-03  -2.3092095e-03   6.6952701e-04
   8.3370368e-03   1.1013340e-01   1.5339566e-01  -3.8139115e-03  -1.8674509e-03   5.8297084e-04
   4.7791407e-03   5.2421344e-03   1.1585378e-01  -2.3777707e-03  -1.8401605e-03   7.8456877e-04
   5.8659222e-03   9.9428426e-02   1.4875003e-01  -3.7702252e-03  -1.7758110e-03   4.9613145e-04
   2.7088676e-02   8.7247463e-02   8.8870616e-02  -5.0196703e-03  -2.3379320e-03   3.5184511e-04
   1.3100081e-02  -1.7503840e-02   6.9580027e-02  -4.2023624e-03  -1.9166760e-03   9.2542648e-04
   4.3970994e-03  -5.0315918e-03   1.2359962e-01  -3.5040517e-03  -1.6453446e-03   1.2020115e-03
   2.3961878e-02   4.2035551e-02   2.4254044e-01   1.4992599e-03  -2.9486773e-03   1.2425563e-03
   1.7534536e-02   4.0948921e-02   2.4596372e-01   7.5170354e-04  -2.0039918e-03   3.0997883e-04
   8.9358622e-03  -3.3428147e-02   2.4709629e-01   1.8490168e-03  -1.7817296e-03   6.9392911e-04
   2.6703884e-02   1.0301647e-01   1.5488347e-01  -3.8380167e-03  -1.9640912e-03   3.4998401e-04
   1.2413006e-02   7.7410106e-02   1.7449722e-01  -3.8814534e-03  -1.4606841e-03   6.7115353e-04
   3.8193395e-02   5.7730614e-02   7.7110110e-02  -5.1208950e-03  -1.6843320e-03   7.1969971e-04
   3.4165549e-02  -4.8756074e-02   8.3514870e-02  -4.0193583e-03  -1.3266104e-03   8.6396357e-04
   4.1776934e-02  -2.5675337e-03   7.7782149e-02  -4.5965467e-03  -9.0951937e-04   7.9404687e-04
   5.8389215e-02   1.0780955e-02   2.3443229e-01   1.1695768e-03  -2.5331156e-03   7.4465093e-04
   4.8474816e-02  -2.2376415e-02   1.9770918e-01  -2.1631342e-03  -1.9124622e-03   4.0416001e-04
   3.7571394e-02   9.2589900e-03   1.6451298e-01  -6.3756899e-04  -1.3267017e-03   4.4369368e-04
   3.9614532e-02   1.1705418e-01   9.8645151e-02  -4.8147310e-03  -1.4267454e-03   1.0151033e-04
   2.9140428e-02  -2.9855661e-02   2.0756926e-01  -8.8155835e-04  -1.7315438e-03   3.2303071e-04
   4.4959531e-02   1.1201716e-01   1.4671144e-01  -5.8940743e-03  -2.0780898e-03   2.8763151e-04
   3.4980121e-02  -3.4092263e-03   1.1983083e-01  -5.1922363e-03  -1.8578993e-03   2.6930719e-04
   3.0422200e-02   1.2194467e-02   1.2697414e-01  -5.0571555e-03  -1.4364171e-03   9.0291320e-04
   3.7543820e-02   1.2009906e-01   1.8765947e-01  -4.8706768e-04  -2.9273111e-03   9.5478008e-04
   3.6769082e-02   7.4595616e-02   1.5247047e-01  -7.1150404e-04  -2.1337721e-03   2.8634390e-04
   3.7463320e-02   8.0757581e-02   1.5066956e-01  -3.0519843e-03  -1.9193910e-03   5.3350375e-04
   3.6022431e-02   2.3835606e-02   1.1478813e-01  -3.8646238e-03  -1.7127440e-03   6.7219148e-04
   3.0015851e-02   3.0048375e-02   1.7519573e-01  -2.6040668e-03  -1.6944859e-03   8.1311351e-04
   4.4065928e-02   5.4828253e-03   2.0087360e-01  -3.5112377e-04  -1.7306712e-03   5.1488409e-04
   2.9683641e-02   6.9210670e-02   1.7444394e-01  -3.7348566e-03  -1.1513595e-03   4.2674616e-04
   2.8855460e-02   3.7749562e-02   1.6220924e-01  -4.5562838e-03  -9.0965892e-04   1.5858177e-04
   3.3746750e-02   1.0697460e-01   1.6330383e-01  -5.2679681e-03  -9.8532127e-04  -1.1790659e-05
   2.7672019e-02   1.0091855e-02   1.9039284e-01  -3.7132377e-03  -1.1321093e-03   1.6193425e-04
   3.9382011e-02   6.4546616e-02   1.4804694e-01  -5.7082449e-03  -1.1567591e-03   1.7703263e-04
   4.4412608e-02   1.1241009e-02   1.2360367e-01  -4.8196502e-03  -9.7962978e-04   5.7709851e-04
   2.7162498e-02  -1.7104278e-05   1.1625215e-01  -3.5044499e-03  -1.2652678e-03   1.3202197e-03
   2.9340153e-02   6.7692337e-02   1.6647642e-01  -3.3501255e-03  -1.4890473e-03   8.0917011e-04
   5.7463570e-02   6.7360173e-02   2.4983505e-01   3.4670405e-04  -2.4326529e-03   4.5406092e-04
   3.8446778e-02   1.0834626e-02   2.3589821e-01   8.0162204e-04  -1.2800744e-03  -3.9093491e-05
   4.2565050e-02   7.6568924e-02   2.0544841e-01  -1.8565364e-04  -1.1939008e-03   5.1785251e-05
   4.1271755e-02   1.3465005e-01   2.0629485e-01  -4.5258796e-03  -1.1642791e-03  -4.5750953e-05
   5.1537848e-02   9.6367426e-02   1.1814909e-01  -5.0558241e-03  -1.7812151e-03  -4.5618108e-05
   4.4821346e-02   2.3165193e-02   9.4338450e-02  -4.6384657e-03  -1.7037306e-03   5.9757547e-04
   5.7832768e-02  -4.0135959e-02   1.0231809e-01  -4.4477957e-03  -1.3934211e-03   9.5788669e-04
   6.9659237e-02   1.0915798e-01   1.1688198e-01  -4.5004663e-03  -1.4143282e-03   4.5995384e-04
   4.9114971e-02   4.3164244e-03   1.7274297e-01  -3.6039442e-03  -7.7983392e-04   8.4994602e-05
   5.5801686e-02   7.0590189e-02   1.9346989e-01  -3.0329763e-03  -9.3566560e-04   1.6172410e-04
   5.8863762e-02   4.4473103e-02   1.4090171e-01  -4.3283127e-03  -9.0549600e-04   6.4761164e-05
   4.2452327e-02   4.6751582e-03   1.4179161e-01  -4.3352697e-03  -4.9500960e-04   2.8245535e-04
   6.8907971e-02   1.2194434e-01   1.2363626e-01  -5.6240757e-03  -1.2082112e-03   2.2982592e-04
   7.0387234e-02  -1.7525919e-02   1.0846207e-01  -4.2616152e-03  -1.0548657e-03   7.1034899e-04
   3.8304750e-02  -2.2161111e-02   7.3689136e-02  -4.6020845e-03  -6.5506427e-04   1.2336613e-03
   5.4124442e-02   8.2430626e-02   1.0533656e-01  -4.6024115e-03  -1.0690200e-03   1.0819876e-03
   6.2531202e-02  -5.0727153e-03   1.3210534e-01  -3.3332622e-03  -6.8676590e-04   6.0215912e-04
   7.6930962e-02   1.4984035e-01   1.3042662e-01  -5.4101591e-03  -8.7251848e-04   6.6716251e-05
   7.9048957e-02  -5.5725327e-02   1.6401774e-01  -3.1184829e-03  -1.2770037e-03   2.7451835e-04
   7.3850379e-02   9.9245310e-02   1.7296716e-01  -4.7350004e-03  -9.7580810e-04   3.2112862e-04
   8.9662563e-02   8.4326375e-02   1.0182325e-01  -5.3812916e-03  -1.7174903e-03   2.8796757e-04
   6.5844721e-02  -8.2724568e-03   6.2625865e-02  -4.5704001e-03  -1.2222544e-03   6.5019162e-04
   5.7393163e-02  -1.7606603e-03   8.3258054e-02  -3.6422080e-03  -7.7121541e-04   1.0790892e-03
   8.9456391e-02   8.8271899e-02   2.4815381e-01   1.4789921e-03  -2.3442583e-03   7.6409887e-04
   6.9686484e-02   1.7836828e-04   1.8241447e-01  -1.6407906e-03  -1.3050126e-03   3.2988750e-04
   7.1813362e-02   7.2341484e-02   1.5905459e-01  -4.0763189e-03  -1.2745489e-03   7.9149840e-05
   7.2499192e-02  -3.5146026e-03   1.5392397e-01  -3.5906377e-03  -1.6798083e-03   5.8014983e-04
   8.6098741e-02  -4.0542336e-02   2.4276573e-01   1.8920947e-03  -2.3810374e-03   6.4798199e-04
   9.8873865e-02   1.0865207e-01   7.7621079e-02  -5.4389935e-03  -1.8477758e-03   1.1326290e-05
   7.0115420e-02  -6.5962614e-02   5.4872880e-02  -3.6341764e-03  -9.7995789e-04   7.2898223e-04
   6.4435475e-02  -1.5237968e-02   4.4712477e-02  -3.9245150e-03  -7.9581907e-04   8.9438431e-04
   6.0517639e-02   8.4828871e-02   1.3203469e-01  -3.2386634e-03  -3.1973535e-04   5.1902712e-04
   6.7210855e-02  -7.5526460e-03   1.5785510e-01  -2.7673698e-03  -4.6336829e-04   3.0637632e-04
   8.2101280e-02   1.1430140e-01   1.6316629e-01  -2.8157346e-03  -1.4057353e-03   2.6374451e-04
   6.9853398e-02  -2.9070775e-02   1.4656330e-01  -1.7665110e-03  -1.1118511e-03   4.2177456e-04
   8.5620248e-02   9.0185856e-02   1.6279053e-01  -3.5869780e-03  -1.4748754e-03   4.4513840e-04
   7.7844254e-02  -2.3463267e-02   1.3944190e-01  -3.1142294e-03  -1.1328491e-03   6.0221836e-04
   7.4699843e-02   4.2725674e-02   1.7464633e-01  -4.5189985e-04  -8.5283539e-04   4.1740046e-04
   9.3096750e-02  -3.8326671e-03   1.7703174e-01   7.1266189e-04  -1.5005448e-03   5.6404261e-04
   7.6594054e-02   9.0988825e-02   1.0134146e-01  -3.7668197e-03  -1.0417035e-03   4.6509812e-04
   7.3844741e-02  -1.9006749e-02   1.3870785e-01  -6.0885309e-04  -1.4401722e-03   6.5078934e-04
   8.1374590e-02   9.5262145e-02   8.7040125e-02  -5.3758603e-03  -1.3041464e-03   3.8725283e-05
   7.7648738e-02   1.0394417e-02   9.8631713e-02  -4.2464824e-03  -9.6346735e-04   1.2001433e-03
   4.9180873e-02  -3.0075497e-03   9.0204065e-02  -3.8386249e-03  -1.0760201e-03   7.6236634e-04
   7.5663959e-02   1.2191446e-02   1.7362332e-01   1.0842192e-03  -2.0350374e-03   7.1581439e-04
   6.3821731e-02  -3.3677619e-02   1.4445184e-01  -7.7325596e-04  -1.2625912e-03   2.6478392e-04
   6.0629595e-02   4.0231545e-02   1.1266751e-01  -2.6855956e-03  -6.6367457e-04   6.8298107e-04
   8.2023485e-02   1.2413671e-01   9.3722038e-02  -4.5976569e-03  -9.6303983e-04   4.4182229e-04
   7.7439184e-02  -1.7220097e-02   2.0139260e-01  -1.4041020e-04  -1.4005076e-03   5.9593883e-04
   1.0127076e-01   1.4168565e-01   1.2843853e-01  -4.7530541e-03  -1.5071938e-03   7.7518006e-05
   8.9590029e-02  -1.4869847e-02   1.0946094e-01  -4.0841166e-03  -1.1675107e-03   6.4735229e-04
   7.3810870e-02  -1.0335217e-02   3.9675448e-02  -4.5270103e-03  -9.6177226e-04   1.6415175e-03
   8.0542564e-02  -1.4488468e-02   1.9112876e-01   2.3056520e-03  -1.7609009e-03   1.3807194e-03
   8.9154314e-02   3.4131807e-02   1.8493595e-01   3.3787956e-04  -1.2478041e-03   7.5615372e-05
   7.8216410e-02   3.4543037e-02   1.3238425e-01  -3.0383055e-03  -1.1907903e-03   1.2644597e-04
   8.4573141e-02   7.3917432e-02   9.8559871e-02  -3.8648940e-03  -1.3205319e-03   3.7781593e-04
   7.2024075e-02   4.2384897e-02   1.4013555e-01  -3.8394949e-03  -9.8698504e-04   4.3811297e-04
   9.7030767e-02   1.1011197e-01   1.0912517e-01  -5.3290373e-03  -1.4746317e-03  -9.4674749e-05
   6.7058888e-02  -3.9216759e-02   4.9271768e-02  -4.0159677e-03  -6.9937667e-04   9.1386799e-04
   6.5288990e-02   2.4208529e-03   3.9425948e-02  -3.8938646e-03  -8.7112459e-04   1.4396592e-03
   1.0970806e-01   7.5234222e-02   1.3903238e-01   6.3917517e-04  -2.1182349e-03   5.9011664e-04
   9.8080753e-02  -5.7692631e-02   2.0044817e-01   4.1186779e-04  -1.3840854e-03   1.4952982e-04
   8.7897504e-02   3.7009080e-02   1.7850034e-01  -2.1635703e-04  -9.2221334e-04   1.0009547e-04
   1.1370962e-01  -1.5711748e-01  -2.2891094e-02  -1.4996246e-03  -9.7096644e-04  -3.1071202e-04
   1.0252752e-01  -8.9502488e-02   7.6195204e-02   8.4019943e-04  -1.3746560e-03   4.1505729e-04
   7.0712134e-02   2.3055630e-02   1.0300115e-01  -2.0337312e-03  -1.3939221e-03   9.3072565e-04
   9.3164267e-02  -7.9910178e-02   5.5831116e-02  -2.6195874e-03  -1.5046733e-03   1.3585787e-03
   4.7704273e-02  -6.6485000e-02   6.4430676e-02  -2.3540936e-03  -1.3623146e-03   1.6195070e-03
   6.4785823e-02   4.3565128e-02   2.2464194e-01   2.4510142e-03  -2.5907250e-03   1.5895715e-03
   7.2363586e-02  -1.0048063e-01   1.9166029e-01   2.5563285e-03  -1.7679057e-03   1.1720628e-03
   8.4874820e-02   1.0538512e-02   1.2125263e-01   3.6266530e-04  -1.5978868e-03   6.1491666e-04
   7.3949472e-02  -3.7649575e-02   7.8408892e-02   7.5716799e-05  -7.6265876e-04   9.4485553e-04
   7.8939838e-02   4.8448448e-02   3.5895592e-02  -3.4167930e-03  -1.2005621e-03   1.0255794e-03
   7.4553089e-02   4.3304602e-02   9.8590536e-03  -3.6902967e-03  -1.2449186e-03   1.4156214e-03
   7.2824015e-02  -5.8416917e-02   2.3067035e-02  -2.4704434e-03  -8.6409464e-04   1.2242646e-03
   6.7207024e-02  -3.0201196e-02   1.4219950e-02  -1.7198477e-03  -5.7586909e-04   2.1453514e-03
   1.2112745e-01   2.5849104e-02   1.2113717e-01   1.5064070e-03  -1.8519765e-03   1.4407367e-03
   1.0801212e-01  -3.4013352e-02   1.2842027e-01   2.4160534e-04  -1.0026118e-03   7.3689328e-04
   9.2123470e-02   7.4988446e-02   7.8314830e-02  -3.3856350e-03  -5.5877459e-04   6.5234169e-04
   9.8349460e-02  -6.5079148e-03   7.7168252e-02  -1.6874836e-03  -8.9700796e-04   4.4742817e-04
   9.3411913e-02   6.0481594e-02   7.3020789e-02  -3.4258868e-03  -7.8862187e-04   5.3366018e-04
   8.7831160e-02  -2.3316485e-02   7.6347684e-02  -2.3991520e-03  -8.0371091e-04   8.4938417e-04
   9.5184848e-02   8.0572484e-02   9.8191700e-02  -3.1779764e-03  -1.0071246e-03   7.4853002e-04
   9.7402849e-02  -4.5191796e-02   9.4718126e-02  -1.8651984e-03  -9.8986990e-04   7.7067322e-04
   1.0147186e-01   5.7369263e-02   9.5490995e-02  -3.2182798e-03  -1.0709997e-03   7.6262395e-04
   9.9865259e-02   7.9883194e-03   1.2923431e-01  -2.1344550e-03  -9.5653041e-04   7.5141428e-04
   1.0541095e-01   1.7774543e-02   5.0250507e-02  -3.7932966e-03  -9.9683204e-04   4.5439322e-04
   1.0234202e-01  -5.8697365e-02   4.2257914e-03  -3.1038332e-03  -6.7715267e-04   1.0480290e-03
   5.5818966e-02  -5.0489466e-02   1.8405119e-02  -2.0488605e-03  -6.1202091e-04   2.0296181e-03
   1.1942618e-01   4.2730813e-02   1.0522893e-01   6.1472523e-04  -1.3821236e-03   1.4519768e-03
   1.0386733e-01  -2.2516872e-02   6.7407091e-02  -1.8913962e-03  -8.3456492e-04   1.1255740e-03
   1.0774197e-01   9.4228910e-02   4.2424827e-02  -3.0865651e-03  -1.1194045e-03   7.4696500e-04
   8.9437528e-02  -3.4760266e-02   4.7439356e-02  -1.9908471e-03  -6.4351533e-04   9.4594001e-04
   9.9865687e-02   9.3782487e-02   8.6237962e-02  -2.5755486e-03  -9.6726621e-04   6.8678838e-04
   1.0646552e-01   1.0673680e-02   2.0871916e-02  -2.8402683e-03  -9.2725623e-04   5.3132160e-04
   1.0031958e-01  -5.3165671e-02   2.1761685e-02  -2.4577498e-03  -4.6347603e-04   5.2947813e-04
   5.4229302e-02   8.4069609e-04   2.9449313e-02  -2.2841208e-03  -6.9949439e-04   1.8868656e-03
   7.0973991e-02   1.9351723e-02   4.3256846e-02  -3.2402334e-03  -1.2378275e-03   1.0721589e-03
   8.5892980e-02  -5.9732180e-02   4.8442570e-02  -1.4298123e-03  -1.0290330e-03   6.3842568e-04
   7.5864652e-02  -2.3950637e-02   4.6805847e-02  -1.1986474e-03  -2.9442933e-04   9.5543996e-04
   9.1106704e-02   1.4882789e-02  -5.3286812e-03  -2.1635951e-03  -2.9311643e-04   7.4505209e-04
   9.0674417e-02   4.4498480e-02   7.4994032e-02  -2.9449757e-03  -6.1423263e-04   5.6224540e-04
   1.1286912e-01   7.1678278e-02   7.8991252e-02  -4.5107593e-03  -1.2070815e-03   3.6143389e-05
   9.3983384e-02  -8.0388562e-02   4.2882931e-02  -2.8013704e-03  -6.1561714e-04   5.7883603e-04
   1.0118619e-01  -6.7948300e-02   2.7703755e-02  -2.5140806e-03  -2.9550023e-04   9.7730000e-04
   1.2395108e-01  -1.1194981e-02   1.3231016e-01   3.1355902e-03  -1.3887947e-03   7.8565768e-04
   1.2289505e-01  -6.3398231e-03   1.4441169e-01   2.5445982e-03  -8.7207487e-04  -1.1122336e-05
   1.0292928e-01   7.4366425e-02   7.9035479e-02  -2.5862507e-03  -3.7738370e-04   9.5454538e-05
   9.5942225e-02  -1.1214977e-02   4.7534761e-02  -2.4628535e-03  -3.6610079e-04   3.2117121e-04
   9.5360694e-02   8.5603432e-02   9.6499403e-02  -2.6817962e-03  -5.6007177e-04   2.4943577e-04
   1.1408095e-01   3.4334901e-02   4.3225843e-02  -3.7774689e-03  -9.0269379e-04  -1.4536009e-04
   1.0419785e-01  -6.8775090e-02   2.2608307e-02  -2.6270969e-03  -2.0273029e-04   2.7849685e-04
   7.5330672e-02  -3.0476621e-02   1.8448907e-03  -2.9011809e-03   2.2586744e-04   9.6065790e-04
   8.8766072e-02   4.2048864e-02   9.2789373e-02   2.2888632e-03  -6.3880908e-04   3.9202508e-04
   9.3626530e-02  -1.3424636e-02   1.4561146e-01   2.1847211e-03  -1.5117417e-04  -1.1136210e-04
   9.8888604e-02   1.4997017e-02   1.0933291e-01  -2.8926908e-04  -3.3542011e-04  -1.6035216e-05
   9.8174979e-02   1.5374861e-02   9.6328162e-02  -2.5813593e-03  -1.2513406e-04  -1.4135591e-04
   8.9835409e-02   6.5971135e-02   6.6322442e-02  -3.4055399e-03  -1.4687183e-04  -3.3497593e-05
   8.7744832e-02   3.6633416e-02  -8.8316711e-02  -4.7841014e-03   1.2965801e-04   2.0252510e-04
   8.6822100e-02  -3.1637672e-02  -1.0169690e-01  -2.9257283e-03   5.8040434e-04   8.7020126e-04
   4.4309288e-02  -3.1993425e-02  -1.1707213e-02  -3.0009347e-03   5.0540322e-05   9.4581162e-04
   1.0541061e-01   1.3058995e-01   9.5606474e-02   1.5553287e-03  -6.9807342e-04   3.5067977e-04
   9.9597328e-02  -3.4804710e-02   1.3427090e-01   1.5965324e-03   3.3105526e-04  -7.4859909e-05
   1.0161476e-01   1.1756326e-01   8.1275697e-02  -1.1032762e-03   5.1774122e-04  -3.4388503e-04
   9.8389849e-02  -1.5948196e-02   1.0100881e-01  -2.4764692e-04   2.1577686e-04  -7.2000961e-05
   1.1703131e-01   1.9789660e-01   3.3167342e-02  -5.2357063e-03   2.1639067e-04  -5.9215359e-04
   9.6312012e-02  -5.2120282e-02   2.3535901e-02  -4.5306087e-03   4.0168609e-04  -2.9180905e-04
   1.0768168e-01  -3.7466037e-02   7.2335930e-02   2.6804682e-03  -5.0660183e-04  -2.5314502e-04
   1.0475186e-01   6.0039464e-02   9.2996815e-02   1.0300251e-03  -5.7931644e-05  -6.4896816e-04
   1.0891768e-01  -2.5619917e-02   1.1607401e-01   1.0595143e-03  -8.2600453e-05  -8.5471508e-04
