   0.0000000e+00  -1.5319356e-14  -4.1938923e-15   0.0000000e+00  -6.2395083e-17   0.0000000e+00
   4.6388353e-02  -4.6163529e-02  -2.2539728e-02   4.1890562e-03  -5.7259372e-04   6.4383041e-05
   4.9559818e-02  -1.0976185e-01   1.1621346e-02   6.0378298e-03  -3.3448543e-04   3.3385860e-04
   5.8446169e-02  -9.4786441e-02   6.1479213e-02   5.6987880e-03  -7.8670533e-04  -4.9875493e-04
   7.1069173e-02   5.3771371e-02   4.0028364e-02   3.9221700e-03  -1.3961678e-03  -1.0075041e-03
   6.8176358e-02  -4.6250688e-02   8.7401034e-02   5.0483639e-03  -1.2299918e-03  -1.2075569e-03
   7.5662650e-02  -2.7914339e-02   6.9280563e-02   4.7895224e-03  -1.6399128e-03  -1.2541337e-03
   5.7654124e-02   8.4832474e-02   4.4178272e-02   2.2489013e-03  -1.2510527e-03  -1.1568164e-03
   5.1164869e-02   1.0340364e-02   8.6277958e-02   3.2795996e-03  -1.2336721e-03  -1.1176959e-03
   5.1340949e-02  -8.4395792e-04   9.6301033e-03   3.0315825e-03  -1.2612823e-03  -8.6966613e-04
   6.6887213e-02  -4.1943079e-02  -2.9714565e-02   3.5781432e-03  -9.6366042e-04  -3.7702724e-04
   5.1249211e-02  -3.5627104e-02   1.7434136e-02   3.6087321e-03  -1.0555236e-03  -8.9893869e-04
   7.2441408e-02   1.0417269e-01   5.6894149e-02   2.6132289e-03  -1.4132964e-03  -1.2495267e-03
   7.6645195e-02   6.7911932e-02   8.4410721e-02   2.5255266e-03  -1.2963955e-03  -1.5857366e-03
   7.9082307e-02   8.2226090e-02   5.8963548e-02   1.8593293e-03  -1.5204948e-03  -1.5977305e-03
   7.6179021e-02   1.0319265e-01   8.1718439e-02   1.3758009e-03  -1.6415955e-03  -1.5840614e-03
   7.2053931e-02   6.0091098e-02   1.0183424e-01   2.0905202e-03  -1.7418392e-03  -1.4917815e-03
   1.0206477e-01   7.7449432e-02   3.5168958e-02   1.2855296e-03  -1.6048628e-03  -1.1120366e-03
   6.7220111e-02  -1.3091385e-02   7.7036012e-02   2.0644375e-03  -1.3552901e-03  -9.8507225e-04
   5.8125888e-02   2.5206639e-02   8.3967389e-02   1.8956980e-03  -1.0922217e-03  -1.0047506e-03
   7.6244620e-02   1.5921083e-01   1.1348228e-01   3.6032438e-04  -8.1863336e-04  -1.5320603e-03
   8.0347635e-02   1.1845978e-01   5.7042637e-02   8.7523824e-05  -1.3602653e-03  -9.5778757e-04
   6.9530625e-02   7.1874937e-02   9.7671221e-02   8.0304258e-04  -1.7554045e-03  -7.3845743e-04
   7.7534728e-02   1.5650308e-01   1.2278408e-01   1.8107164e-04  -1.9595382e-03  -9.4360453e-04
   7.7777371e-02   1.1148148e-01   1.7339203e-01   1.3402003e-03  -2.1201677e-03  -1.1145322e-03
   7.7516292e-02   9.7170027e-02   9.0384805e-02  -4.2937030e-04  -2.3707803e-03  -7.0261977e-04
   5.9967481e-02   4.5561130e-02   5.4666444e-02  -2.1711504e-04  -1.6278342e-03  -4.2182584e-04
   6.4898432e-02   2.6289803e-02   8.4272648e-02   1.1355983e-04  -2.1124463e-03  -4.9262850e-04
   8.6203762e-02   1.5891867e-01   9.7580025e-02  -5.7880934e-04  -3.2242724e-03  -9.2590382e-04
   9.0297318e-02   8.7775642e-02   1.5457630e-01  -9.8313009e-04  -3.4898122e-03  -5.8188559e-04
   7.6553667e-02   4.2880927e-02   1.3764292e-01  -2.0320385e-03  -3.6826978e-03   3.6163609e-05
   8.2235118e-02   1.0872204e-01   1.2280623e-01  -1.0319245e-03  -3.6107400e-03  -2.2513976e-04
   8.6526925e-02   1.1662745e-01   1.2410443e-01   1.9268058e-04  -3.5827001e-03  -2.4232582e-04
   8.2396706e-02   1.6316669e-01   7.6672744e-02  -1.3543647e-03  -3.8751781e-03   1.6443538e-04
   8.7952690e-02   9.2434761e-02   9.6746413e-02  -1.0208748e-03  -3.7651032e-03   1.3223402e-04
   7.4968800e-02   8.0393354e-02   1.3890531e-01  -2.4254566e-04  -3.2712819e-03   2.1726736e-05
   7.7367281e-02   1.3541479e-01   1.3789692e-01  -9.9419454e-04  -3.1120942e-03  -1.8422985e-04
   8.6493980e-02   1.2532289e-01   1.4205178e-01  -1.0477147e-03  -3.3834366e-03  -2.7628285e-04
   8.2648101e-02   1.2009556e-01   1.4205764e-01  -1.0570475e-03  -3.6472662e-03  -2.2583176e-04
   9.1760959e-02   2.1028615e-01   1.1223224e-01  -2.1242018e-03  -3.7341081e-03  -4.0283413e-04
   8.5514353e-02   1.5580858e-01   1.3883646e-01  -1.5611496e-03  -3.4312507e-03  -2.0367941e-04
   8.0148292e-02   1.6281786e-01   1.2197240e-01  -2.0453795e-03  -3.3112022e-03  -8.3316139e-05
   8.7166037e-02   2.2543669e-01   1.3740544e-01  -2.1685698e-03  -3.1980889e-03  -1.4214508e-06
   8.1426202e-02   1.4445741e-01   1.6087363e-01  -1.9876964e-03  -3.2485337e-03   2.5727127e-04
   8.3859694e-02   2.0832795e-01   1.3920382e-01  -3.0460771e-03  -3.3994063e-03   4.1280906e-04
   8.2796747e-02   2.0870737e-01   1.4918544e-01  -3.2083101e-03  -3.2005119e-03   2.7865300e-04
   8.6273871e-02   1.7570240e-01   1.2816539e-01  -3.0688100e-03  -3.4065894e-03   1.9237397e-04
   7.4906726e-02   1.3468077e-01   9.7633985e-02  -2.0618574e-03  -2.9839891e-03   9.2194950e-05
   5.3206188e-02   1.0274769e-01   1.0529190e-01  -7.8953405e-04  -2.9049926e-03   4.0388448e-04
   8.6448689e-02   2.9769284e-01   1.3995729e-01  -3.3677200e-03  -3.3300912e-03   3.9845058e-04
   9.1230018e-02   1.7934703e-01   1.7888001e-01  -2.6874987e-03  -3.3525437e-03   2.2706486e-04
   8.9924322e-02   2.4288466e-01   1.7073603e-01  -3.6791237e-03  -3.3105480e-03   3.7000498e-04
   9.0121363e-02   1.9572133e-01   2.3030593e-01  -2.9613901e-03  -3.4528330e-03   3.5594052e-04
   8.6116875e-02   2.3873312e-01   2.1140684e-01  -3.0369666e-03  -3.4464334e-03   4.0584504e-04
   8.9415913e-02   2.4461091e-01   1.7016087e-01  -4.2610607e-03  -3.5953340e-03   7.7068882e-04
   8.1183749e-02   1.8731412e-01   1.7773300e-01  -3.2527148e-03  -3.2873923e-03   6.3336954e-04
   6.3455588e-02   1.5988109e-01   2.1118587e-01  -1.9723113e-03  -3.1505703e-03   7.9952031e-04
   7.1510216e-02   2.5359931e-01   2.5438050e-01  -2.9355774e-03  -3.5213923e-03   7.9162465e-04
   9.2975792e-02   2.6539693e-01   2.0383883e-01  -3.6004552e-03  -3.6249441e-03   4.2534138e-04
   8.5894169e-02   2.0797141e-01   2.0951558e-01  -3.4041869e-03  -3.4970914e-03   5.1527809e-04
   8.7172376e-02   2.4769686e-01   2.0210769e-01  -3.6740169e-03  -3.3702763e-03   6.5816348e-04
   9.7430341e-02   2.9212569e-01   1.9796189e-01  -3.8899937e-03  -3.6112753e-03   7.8189348e-04
   1.0015378e-01   1.6328446e-01   1.5866588e-01  -2.7865177e-03  -3.7377210e-03   1.0720186e-03
   8.2341016e-02   1.0764257e-01   2.0809043e-01  -1.2164122e-03  -3.6427681e-03   1.5767628e-03
   7.2741023e-02  -5.3503863e-02   2.4105765e-01   5.2567289e-04  -3.3634089e-03   2.2575639e-03
   6.7513688e-02   1.8060555e-01   2.5769889e-01  -1.4635922e-03  -3.8559451e-03   2.5409324e-03
   7.2112723e-02   1.6607720e-01   1.9984879e-01  -3.4304031e-03  -4.0596251e-03   2.0485167e-03
   8.2179360e-02   2.1244197e-01   1.7972300e-01  -3.4970855e-03  -4.3051501e-03   1.7309278e-03
   6.8599262e-02   1.4540644e-01   1.9742706e-01  -4.4771069e-03  -4.7705635e-03   2.1760338e-03
   7.7370174e-02   2.7285445e-01   1.5288534e-01  -4.8398716e-03  -4.6414290e-03   2.1383057e-03
   7.4116455e-02   1.1595536e-01   9.8990750e-02  -3.2854128e-03  -4.5955669e-03   2.3775004e-03
   5.8675190e-02   2.4389990e-03   1.8718025e-01  -1.6280779e-03  -3.6996601e-03   2.6963293e-03
   3.4684749e-02  -4.9176631e-02   3.0261339e-01  -3.7267153e-04  -3.5305872e-03   2.6755686e-03
   4.8111224e-02   1.6251572e-01   2.7055332e-01  -2.5161117e-03  -4.4635188e-03   2.8430695e-03
   6.4437832e-02   1.0554706e-01   2.2243013e-01  -2.4393700e-03  -3.8142040e-03   2.3952837e-03
   5.8066797e-02   1.9003679e-01   2.1541893e-01  -3.3520304e-03  -3.9064768e-03   2.6457443e-03
   6.8862991e-02   1.2703321e-01   2.3024003e-01  -2.9357165e-03  -4.2235776e-03   2.5976591e-03
   7.0348578e-02   2.4459141e-01   2.8565077e-01  -2.5090984e-03  -4.1947850e-03   2.3629238e-03
   5.8404542e-02   9.2871770e-02   1.9233510e-01  -2.9962132e-03  -3.9149187e-03   2.4410410e-03
   5.6136677e-02   5.9573297e-02   2.2552908e-01  -1.7903890e-03  -4.0034745e-03   2.7388057e-03
   6.6787537e-02   1.9929045e-03   3.0801958e-01  -9.8517308e-04  -3.6622728e-03   2.8131728e-03
   6.0980508e-02   1.9338386e-01   2.5533708e-01  -3.3808574e-03  -4.0100210e-03   2.6421906e-03
   6.1507295e-02   1.3509559e-01   2.6345391e-01  -3.4635411e-03  -4.3480457e-03   2.0343017e-03
   5.6006380e-02   1.7132916e-01   2.5797296e-01  -3.4658685e-03  -4.4704549e-03   2.2092131e-03
   5.9526277e-02   1.7169142e-01   3.0850779e-01  -2.7042781e-03  -4.8162298e-03   2.2022980e-03
   5.9971548e-02   2.7167799e-01   2.7287601e-01  -4.3681289e-03  -4.2320044e-03   2.3724504e-03
   5.5893233e-02   1.6498205e-01   2.8757895e-01  -3.5330966e-03  -4.0992580e-03   2.1102014e-03
   6.1299382e-02   2.8620181e-01   2.7443445e-01  -4.2916457e-03  -4.2217625e-03   2.0880423e-03
   5.6951493e-02   2.2024909e-01   3.0749078e-01  -3.6841763e-03  -4.0758489e-03   1.9018191e-03
   6.2099865e-02   2.5426711e-01   2.7736002e-01  -4.2095626e-03  -4.0252815e-03   1.9963619e-03
   5.8777607e-02   2.6520828e-01   2.9253279e-01  -4.1636744e-03  -3.8096359e-03   2.0807217e-03
   5.1272126e-02   2.1251182e-01   2.5486655e-01  -4.0389106e-03  -4.0495499e-03   2.2082572e-03
   3.7223742e-02   1.2419223e-01   2.6173269e-01  -2.8605930e-03  -4.3632842e-03   2.2090926e-03
   2.4397791e-02   4.0006169e-02   3.4776512e-01  -1.6796046e-03  -3.6364271e-03   2.3997686e-03
   3.1212314e-02   2.5684520e-01   3.3725535e-01  -3.9300016e-03  -3.6231990e-03   1.9855678e-03
   4.3185866e-02   1.7236409e-01   2.7592886e-01  -3.1029111e-03  -4.2662612e-03   2.5787240e-03
   4.6351217e-02   2.7204043e-01   2.2534535e-01  -4.4375377e-03  -4.1906363e-03   2.8918798e-03
   6.1803225e-02   2.0985323e-01   2.3279851e-02  -4.5947787e-03  -3.7462118e-03   1.6789645e-03
   6.3942955e-02   3.5252331e-01   9.8410980e-02  -4.3294177e-03  -3.9545513e-03   2.4846371e-03
   4.7403931e-02   1.3873674e-01   1.1101164e-01  -2.3099213e-03  -4.1385271e-03   3.5476797e-03
   1.0060091e-02   4.2296160e-02   1.1757369e-01  -8.8539130e-04  -4.3615589e-03   3.7582178e-03
   1.3827038e-03  -1.0648709e-03   2.6061013e-01  -2.1489343e-04  -4.2259778e-03   4.1013162e-03
   2.3118374e-02   2.2543228e-01   2.6126531e-01  -1.5903413e-03  -4.5712115e-03   3.8635038e-03
   4.1520644e-02   2.1521843e-01   2.5286999e-01  -1.6882983e-03  -4.8184729e-03   3.5660929e-03
   4.6136849e-02   1.3578611e-01   2.5732687e-01  -1.7142874e-03  -5.0418224e-03   3.8347831e-03
   4.1665772e-02   2.7828550e-01   2.5659664e-01  -2.7971904e-03  -4.5127599e-03   3.7152155e-03
   3.7593242e-02   2.5773662e-01   2.5672516e-01  -2.6090216e-03  -4.3845953e-03   3.8259946e-03
   4.8854734e-02   1.4151265e-01   2.1184455e-01  -1.3663078e-03  -4.7486074e-03   3.8705759e-03
   2.0721985e-02   9.2248680e-02   2.1222486e-01  -1.2378138e-03  -4.6265144e-03   3.6743922e-03
   3.1807864e-02   1.2786376e-01   2.9373154e-01  -1.8155003e-03  -4.1034497e-03   4.1633173e-03
   9.9221070e-03   1.4423735e-01   2.9972615e-01  -2.2429189e-03  -4.1905557e-03   3.7006610e-03
   1.8249430e-02   1.1911570e-01   2.7420062e-01  -3.2774686e-03  -4.7444393e-03   4.1895528e-03
   2.8989113e-02   3.0931725e-01   2.4315649e-01  -3.7316029e-03  -4.8927479e-03   3.8420039e-03
   2.0107245e-02   1.7255656e-01   2.0857557e-01  -3.2858842e-03  -4.6297337e-03   3.4427886e-03
   2.1845307e-02   2.6772242e-01   2.0634953e-01  -3.5829769e-03  -4.3148853e-03   3.4765416e-03
   3.4338694e-02   1.2678410e-01   1.2341350e-01  -2.3471184e-03  -3.8940855e-03   4.0344792e-03
   2.5615630e-02   8.6038028e-02   1.7283042e-01  -1.7105345e-03  -4.2005108e-03   4.2931118e-03
   1.8822584e-02   2.2111022e-02   3.0325164e-01  -1.2142427e-03  -4.1924484e-03   4.6300338e-03
   2.0680418e-02   2.7076416e-01   2.7650014e-01  -4.0014860e-03  -4.7261469e-03   4.2484071e-03
   2.8557074e-02   1.5135380e-01   2.5428256e-01  -3.5343109e-03  -4.7800602e-03   3.9593785e-03
   3.2403201e-02   2.3823288e-01   2.5429907e-01  -3.7049438e-03  -4.7190350e-03   3.7568678e-03
   3.5622761e-02   3.2812254e-01   2.5999236e-01  -4.1236364e-03  -4.5288004e-03   3.9037986e-03
   3.2305090e-02   2.8747140e-01   2.6039037e-01  -4.2265826e-03  -4.2771246e-03   3.9452074e-03
   4.4271844e-02   2.0351731e-01   2.2865449e-01  -3.2816387e-03  -4.7698017e-03   4.0816871e-03
   1.3958894e-02   9.0494919e-02   2.2073238e-01  -2.4738601e-03  -5.0506129e-03   4.6449876e-03
   1.6959361e-02   1.0568338e-01   3.0444184e-01  -2.1762585e-03  -4.8091290e-03   4.5955009e-03
   3.2436150e-02   3.0819501e-01   2.2835665e-01  -4.2780288e-03  -5.3575225e-03   4.1732075e-03
   1.7811952e-02   1.8052152e-01   2.6087730e-01  -3.4556594e-03  -5.0719094e-03   4.2573293e-03
   1.8072438e-02   2.4983248e-01   2.6411004e-01  -3.8151004e-03  -4.7399952e-03   4.1278387e-03
   2.5160594e-02   2.9803270e-01   3.0274920e-01  -3.8032267e-03  -4.9364261e-03   4.0490595e-03
   3.0125922e-02   2.8300759e-01   2.7836253e-01  -4.0503178e-03  -4.8263147e-03   3.8174266e-03
   2.2168619e-02   2.9041916e-01   2.9852402e-01  -3.7209152e-03  -4.6942584e-03   3.8094502e-03
   2.3201401e-02   3.2448323e-01   3.5122827e-01  -3.2348172e-03  -4.6803786e-03   3.7513292e-03
   2.1977545e-02   3.1130480e-01   3.3302335e-01  -4.0331033e-03  -4.6137744e-03   3.8561130e-03
   2.4034201e-02   2.9236144e-01   3.5657797e-01  -3.9844983e-03  -4.2907295e-03   3.7525993e-03
   3.7480841e-02   4.2042899e-01   3.8360664e-01  -4.8352442e-03  -4.5012077e-03   3.8914844e-03
   5.9056089e-02   3.4197713e-01   3.3975874e-01  -5.2694896e-03  -4.6095338e-03   4.4467758e-03
   2.9196734e-02   2.2456607e-01   2.9170371e-01  -5.3376596e-03  -4.5195362e-03   4.6327568e-03
   1.1685944e-02   2.3751750e-01   2.4385852e-01  -4.3835252e-03  -4.3342896e-03   4.5242138e-03
   4.2996573e-02   3.4412040e-01   3.3289777e-01  -4.6541260e-03  -4.6118992e-03   4.0487567e-03
   4.1353360e-02   2.9342471e-01   3.3856184e-01  -4.1644018e-03  -5.0911123e-03   3.5722449e-03
   3.4632383e-02   2.5886003e-01   3.4659250e-01  -4.0798819e-03  -5.0174525e-03   3.6593740e-03
   4.0364949e-02   3.5807379e-01   3.5439028e-01  -5.1504291e-03  -4.8381323e-03   3.8879608e-03
   3.9519687e-02   3.1232473e-01   4.3273402e-01  -3.6619317e-03  -4.8425283e-03   4.1227946e-03
   5.7304471e-02   3.2576520e-01   3.5273173e-01  -5.4742248e-03  -5.0250905e-03   4.7448223e-03
   5.9031619e-02   2.4797050e-01   2.8780495e-01  -5.6850709e-03  -4.9908631e-03   4.8075398e-03
   2.8583014e-02   2.0429102e-01   3.0651618e-01  -4.0002520e-03  -4.7473560e-03   4.4973128e-03
   4.1093379e-02   2.8434438e-01   3.0707459e-01  -4.2235073e-03  -5.3567993e-03   4.5703599e-03
   4.6227560e-02   3.4183517e-01   3.1600026e-01  -4.1666644e-03  -5.4628980e-03   3.8066764e-03
   3.4747910e-02   2.6462126e-01   3.2452290e-01  -4.2331197e-03  -5.1888509e-03   3.7030760e-03
   4.1803301e-02   4.0654640e-01   3.3075948e-01  -5.2186233e-03  -5.2365130e-03   3.8179961e-03
   3.7502976e-02   3.6015465e-01   4.0410684e-01  -4.0401703e-03  -4.9744563e-03   3.7500052e-03
   4.7281310e-02   3.3805675e-01   3.3914732e-01  -5.1693850e-03  -5.3077864e-03   4.0923068e-03
   5.2294743e-02   2.7104554e-01   2.4780626e-01  -4.9421985e-03  -4.9132645e-03   4.8225669e-03
   4.0143998e-02   2.0773652e-01   2.9881428e-01  -3.8393906e-03  -5.5420682e-03   4.6945221e-03
   3.8396211e-02   3.3335912e-01   3.6162835e-01  -4.7141617e-03  -5.6009639e-03   4.3439553e-03
   4.4191786e-02   3.3682864e-01   3.5607279e-01  -4.8191516e-03  -5.6965698e-03   3.7185969e-03
   4.2315345e-02   2.3058807e-01   3.3632075e-01  -4.7056543e-03  -5.9334752e-03   4.0373014e-03
   4.5045754e-02   3.3472810e-01   4.0617104e-01  -2.3574197e-03  -6.1188651e-03   3.9412452e-03
   5.3913295e-02   3.6376983e-01   3.7581564e-01  -4.5718085e-03  -6.1573536e-03   3.8581670e-03
   5.4761314e-02   3.3770269e-01   3.3182080e-01  -5.4209579e-03  -6.0885108e-03   4.3082494e-03
   5.8327511e-02   2.6110915e-01   3.2583198e-01  -4.3529871e-03  -6.0543975e-03   4.8310799e-03
   4.8200099e-02   2.5746158e-01   3.4893170e-01  -3.5020803e-03  -5.7296705e-03   4.8316640e-03
   5.0051778e-02   3.6530367e-01   3.5067933e-01  -3.9533967e-03  -5.9930519e-03   4.0662444e-03
   4.2109799e-02   2.7012384e-01   3.5317564e-01  -3.2957908e-03  -6.0530525e-03   3.7470444e-03
   4.5794322e-02   3.7696134e-01   3.4330923e-01  -4.5532821e-03  -5.8394667e-03   3.9057744e-03
   4.1011743e-02   3.8257079e-01   3.9149782e-01  -4.5771952e-03  -5.8432337e-03   4.0686498e-03
   3.2156624e-02   2.9373364e-01   3.5894628e-01  -3.8748875e-03  -5.7541788e-03   4.0388052e-03
   3.8208887e-02   3.4069160e-01   3.3536732e-01  -4.8303496e-03  -5.7798327e-03   4.5152389e-03
   4.6321696e-02   2.6380045e-01   2.7809689e-01  -4.1217263e-03  -5.6178124e-03   5.0798403e-03
   2.8795199e-02   1.8300671e-01   3.0926515e-01  -2.9203432e-03  -5.8218727e-03   4.5353523e-03
   2.6786443e-02   3.8821752e-01   3.9514127e-01  -3.4954765e-03  -5.9698604e-03   4.4208037e-03
   4.2027668e-02   3.2048268e-01   4.3433711e-01  -2.9947706e-03  -5.9088744e-03   3.8371758e-03
   3.7620907e-02   3.3775214e-01   4.2013285e-01  -4.3439444e-03  -5.7258962e-03   3.6317528e-03
   2.8259846e-02   3.4954881e-01   4.1310862e-01  -4.2938876e-03  -5.5770550e-03   3.4352706e-03
   2.5379713e-02   3.7420202e-01   4.3243602e-01  -4.2526231e-03  -5.3899650e-03   3.3920949e-03
   2.0789507e-02   3.3729521e-01   4.1660017e-01  -3.7527760e-03  -5.2119726e-03   3.3959661e-03
   2.0293140e-02   4.1905998e-01   4.2497134e-01  -4.2405304e-03  -5.0725075e-03   3.4577050e-03
   1.8792531e-02   3.4803579e-01   4.1241250e-01  -3.6525643e-03  -4.9182944e-03   3.5133598e-03
   2.5667417e-02   4.2346034e-01   3.9750229e-01  -4.5151388e-03  -4.9147518e-03   3.5655000e-03
   2.7046754e-02   3.7915717e-01   4.3360383e-01  -3.7158325e-03  -4.9672418e-03   3.5967449e-03
   4.1226936e-02   3.5941985e-01   3.4825210e-01  -4.9119954e-03  -5.2607771e-03   3.7752131e-03
   3.8043331e-02   2.4783592e-01   2.7177928e-01  -4.0443817e-03  -5.1599818e-03   4.4693896e-03
   3.0138094e-02   2.1585338e-01   3.1692781e-01  -2.8466416e-03  -4.8598393e-03   4.2441246e-03
   3.5807702e-02   3.7429457e-01   3.1907827e-01  -4.9793811e-03  -5.5419029e-03   4.5425205e-03
   2.9206337e-02   2.6716104e-01   3.4396940e-01  -4.0235125e-03  -5.3628610e-03   4.4207533e-03
   3.6420529e-02   3.1612398e-01   3.4190329e-01  -4.4990256e-03  -5.5304386e-03   3.9525437e-03
   2.6788305e-02   2.9509159e-01   3.3310666e-01  -4.1784598e-03  -5.3556626e-03   3.5646866e-03
   3.4246137e-02   4.1625758e-01   3.4908864e-01  -5.4424533e-03  -5.2976336e-03   3.7342106e-03
   3.6648210e-02   3.0525764e-01   3.4417795e-01  -4.4063715e-03  -5.6761046e-03   3.8959951e-03
   4.5555332e-02   2.7776810e-01   3.3192427e-01  -4.1017008e-03  -5.4586331e-03   4.3966057e-03
   2.5897548e-02   2.5359261e-01   3.1009685e-01  -3.4901466e-03  -5.2230537e-03   4.5179723e-03
   1.1583894e-02   3.7900257e-01   3.0903679e-01  -3.8603356e-03  -5.2960614e-03   3.5505306e-03
   1.9860939e-02   3.0945200e-01   3.4992760e-01  -2.8802288e-03  -5.3800697e-03   3.5692180e-03
   2.4504974e-02   4.4299667e-01   3.4284024e-01  -4.5667361e-03  -5.1634269e-03   3.6521300e-03
   2.2575647e-02   4.0193512e-01   3.5689544e-01  -4.5239830e-03  -5.1012047e-03   3.7242186e-03
   2.9996333e-02   3.9125990e-01   3.8721143e-01  -3.8955275e-03  -4.9727373e-03   3.6848479e-03
   3.9672175e-02   4.0682959e-01   3.6297554e-01  -4.7651924e-03  -5.3400497e-03   4.2394310e-03
   4.5949476e-02   3.1734214e-01   3.1516432e-01  -4.2352182e-03  -5.4109748e-03   4.1953508e-03
   4.9159855e-02   2.6388388e-01   3.0373035e-01  -3.7696368e-03  -4.6289065e-03   4.5501913e-03
   3.8252205e-02   3.8447130e-01   3.1057192e-01  -4.4347542e-03  -4.7484370e-03   3.7817551e-03
   3.3911688e-02   2.9266196e-01   3.4314754e-01  -3.2844884e-03  -5.1389333e-03   3.6966818e-03
   3.6498108e-02   3.6273933e-01   3.3986628e-01  -3.6728441e-03  -5.3336533e-03   3.6951589e-03
   3.2477053e-02   3.7760867e-01   3.8124723e-01  -3.5080284e-03  -5.3579815e-03   3.7168555e-03
   3.3598395e-02   3.8903526e-01   4.1895353e-01  -3.3753822e-03  -5.2225796e-03   3.7857176e-03
   5.7604632e-02   3.8733119e-01   3.4122423e-01  -4.6525288e-03  -5.3335245e-03   4.3124265e-03
   4.7672878e-02   2.2805016e-01   2.7338968e-01  -3.9192514e-03  -5.1762815e-03   4.3700031e-03
   3.4004258e-02   2.6086772e-01   2.8030632e-01  -2.9683096e-03  -5.0738656e-03   4.2766718e-03
   4.6512542e-02   3.8644831e-01   2.9120620e-01  -3.2543136e-03  -4.9579065e-03   4.0392008e-03
   4.5152010e-02   3.1235919e-01   3.3827280e-01  -2.0344944e-03  -5.0074880e-03   3.5253671e-03
   4.7074944e-02   4.3164650e-01   3.5006115e-01  -3.4565397e-03  -5.0067020e-03   3.5994024e-03
   4.9078250e-02   3.3126710e-01   3.7773764e-01  -2.2959864e-03  -5.2810729e-03   3.5938985e-03
   5.2259657e-02   4.6013413e-01   3.7965813e-01  -3.3809145e-03  -5.2563416e-03   3.6529261e-03
   7.6396877e-02   3.3182877e-01   2.9541885e-01  -2.0672542e-03  -4.8024300e-03   3.8034308e-03
   4.5787042e-02   2.0979721e-01   2.3060856e-01  -2.3724367e-03  -4.5827158e-03   4.4153763e-03
   4.0014261e-02   1.7549081e-01   3.1738861e-01  -2.3973946e-03  -4.4814947e-03   4.2265781e-03
   4.2819519e-02   3.7000252e-01   3.8420461e-01  -3.9054843e-03  -5.8130637e-03   5.2357092e-03
   4.1198071e-02   2.1520106e-01   3.8964948e-01  -3.3403553e-03  -5.8317912e-03   4.7124246e-03
   3.7445473e-02   2.6758718e-01   3.8243389e-01  -3.6988740e-03  -6.0019445e-03   4.5588547e-03
   3.5437057e-02   4.2966302e-01   3.8270194e-01  -3.3305000e-03  -5.6084190e-03   4.1394796e-03
   4.1000382e-02   3.1503186e-01   3.6927611e-01  -3.9418050e-03  -5.1719778e-03   3.7816608e-03
   4.5608200e-02   3.9806039e-01   4.0019464e-01  -4.3838607e-03  -5.2446482e-03   3.8745034e-03
   4.9423179e-02   3.6209968e-01   4.2334320e-01  -3.5822283e-03  -5.3949440e-03   3.6949050e-03
   5.9158772e-02   4.8296730e-01   4.1745034e-01  -4.6188072e-03  -5.4099385e-03   3.5328390e-03
   5.2124514e-02   3.6303211e-01   4.4666320e-01  -3.7143493e-03  -5.1555953e-03   3.4923902e-03
