  -1.4935531e-14   1.8902781e-14   1.6335737e-15   0.0000000e+00   1.7526357e-36   1.2441776e-16
   1.6276829e-02  -4.4223033e-02  -4.9514580e-02   3.9083762e-04  -1.9217780e-04   8.8982508e-05
   2.5558274e-02  -8.6255206e-02  -7.4714280e-02   1.0843637e-03   3.3516329e-04   2.0179648e-04
  -1.6549193e-02  -6.9693873e-02  -5.0046391e-02   6.5157438e-04   2.2954547e-04   3.6975096e-04
   5.6235458e-03   2.4149413e-02  -3.3717563e-02   4.1651275e-04   1.7093943e-04  -1.4042772e-04
   1.1967879e-02  -1.0382853e-01   5.3868516e-02   3.3013771e-03   1.9526037e-04  -4.6403596e-04
   9.5929002e-03  -2.7925464e-03   6.6124533e-03   8.7942908e-04   5.0205624e-04  -1.3736075e-04
   1.6345313e-02   6.0676526e-02   2.4592928e-02  -8.6198469e-05   1.5592965e-04  -1.7348996e-04
   9.6514495e-03   7.7682107e-03   9.3841073e-02   4.1336545e-04   1.1722874e-04  -2.1420846e-04
   1.2761298e-02  -3.5634824e-02  -3.7262676e-02  -4.6142939e-04  -1.1971743e-06   1.1620373e-04
  -3.2659096e-02  -1.2985715e-01  -6.3960629e-02   2.0887842e-03   7.1678536e-04   3.0612334e-04
  -5.3724263e-02  -9.1288484e-02   2.5653153e-02   1.7042274e-03   9.9003538e-04   4.9606948e-04
  -4.5011959e-02   2.8484162e-02   5.4379453e-02   3.2921482e-04   2.4667915e-04   2.2398980e-04
  -1.4870697e-02  -1.5650130e-02  -1.8612166e-02   2.6597802e-03   2.3946860e-04  -2.1766852e-04
  -2.0695161e-02  -3.2738035e-02  -6.6184393e-02   9.9049924e-04   6.7387076e-04  -4.0976302e-04
  -2.6733645e-02  -1.7339803e-01  -8.5073306e-02   1.8873498e-03   4.1687853e-04  -5.1488903e-04
  -6.4907595e-03  -1.1877609e-01  -5.9278659e-02   2.8361552e-03   5.7148981e-06  -6.2807151e-04
   4.8189693e-03  -5.5885638e-02  -6.3465916e-02   2.9826416e-03  -1.3650864e-04  -6.4507147e-04
  -9.4454940e-03  -1.7099614e-01  -8.0544974e-02   3.6638412e-03   1.4560635e-04  -7.0607552e-04
  -2.4439650e-03  -9.8172915e-02   1.6740885e-02   3.3308695e-03   5.2087388e-04   1.9107673e-04
   2.2955515e-02  -4.9334026e-02   1.0710020e-01   3.4660137e-03   1.6678219e-04  -1.1567515e-03
   3.5480766e-03  -8.9899729e-02   5.2772359e-02   2.0665210e-03   5.3385812e-04  -9.6001543e-04
   1.4622031e-02  -6.2688163e-02  -3.1495075e-02   1.1465066e-03   6.0217994e-04  -1.0083458e-03
   9.7753852e-03   1.9270629e-02  -9.6016794e-03   4.8280240e-04   4.4358692e-04  -9.2456262e-04
   1.2261817e-02  -4.3307095e-03   6.9070740e-03   5.4624148e-04   3.1842501e-04  -7.6388909e-04
   1.4896649e-02  -6.5272534e-02  -2.8266514e-02   1.1192470e-03   1.7181252e-04  -7.8062481e-04
   2.4731545e-03  -1.2191605e-01  -3.8293147e-02   1.6447342e-03   3.3802507e-04  -9.5883815e-04
  -3.5766434e-02  -8.7647084e-02   1.0192962e-02   1.6804510e-03   5.6390962e-04  -2.5944748e-04
  -2.1646070e-02   9.0798874e-02   5.4258394e-02  -2.3699497e-04   3.4811078e-04  -9.0476421e-04
  -2.2293722e-02  -8.1270411e-02   4.2823249e-02   1.6562576e-03   7.1380697e-04  -9.5635500e-04
  -2.0942516e-02   4.6372612e-02   5.9246283e-02   3.8082562e-04   5.8580936e-04  -9.5933956e-04
  -7.3821697e-03  -7.5867624e-03   2.8634236e-02   4.2823570e-04   3.6739352e-04  -9.5093076e-04
  -1.0086843e-02   1.6326241e-02   3.5359957e-02  -1.0143549e-04   4.9137441e-04  -9.5091187e-04
  -3.0154498e-03  -5.1647900e-02   2.4665615e-02   1.5024699e-04   2.0989447e-04  -9.5381774e-04
  -2.7425301e-02  -1.1342843e-01   2.7483504e-02   2.3290109e-03   5.7493623e-04  -4.5847085e-04
  -4.5292090e-02  -1.0871605e-01   7.9448951e-02   1.1464633e-03   7.3976023e-05   1.1137041e-04
  -3.3174623e-03  -1.5145106e-02   1.4167722e-01   9.3571483e-04  -8.7276571e-04  -1.7547387e-04
   3.0823510e-03  -1.1352343e-01   1.3290940e-01   4.9477557e-03  -5.2580136e-04  -4.2992594e-04
  -2.2221473e-02  -1.0129118e-01   8.7607230e-02   2.6870621e-03   2.1198349e-04  -6.3787964e-04
  -1.8467947e-02  -7.6220533e-02   3.7369413e-02   2.9799922e-03   4.2519884e-04  -1.0822461e-03
  -1.0247315e-02   1.3129357e-02   9.2324441e-02   1.9992784e-03   2.9371969e-04  -1.3665630e-03
  -3.1332734e-02  -1.2849726e-01   9.6416499e-02   3.5881501e-03   5.5820793e-04  -1.3610910e-03
  -1.4587408e-02  -1.4776511e-02   9.8478216e-02   2.5987661e-03   3.6559218e-04  -1.2778372e-03
  -3.2059839e-02  -4.3242953e-02   1.5165834e-01   3.7000852e-03   8.4263109e-04  -1.1189095e-03
  -7.8057638e-03   2.4364814e-02   1.0178848e-01   2.1139478e-03   4.6800585e-04  -1.1572574e-03
  -1.3725001e-02   7.8718190e-02   1.4156450e-01   2.6140832e-03   6.0845107e-04  -1.1824485e-03
  -2.3735431e-03  -8.0176534e-03   5.6461536e-02   2.4642726e-03   3.1453659e-04  -1.1216051e-03
   3.4155540e-04  -9.5748024e-02  -2.0124580e-02   3.1296283e-03  -1.8900687e-04  -4.9546348e-04
  -4.1442921e-02  -1.0115766e-01   1.0528466e-02   3.7783440e-03  -2.4003750e-04  -1.2715275e-05
  -2.3906203e-02   4.5657070e-02   6.2009194e-02   2.8296735e-03  -2.6617741e-04  -4.8764786e-04
  -2.2128990e-02  -6.2118543e-02   9.1000420e-02   4.4527001e-03   3.4806840e-04  -1.1045969e-03
  -1.1379186e-02   3.1013223e-02   1.2616292e-01   3.1497267e-03   3.1844122e-04  -7.1371957e-04
   6.0425313e-03   6.4150412e-03   9.0353513e-02   2.7425815e-03  -1.0380539e-04  -1.0446306e-03
   3.5460917e-03   4.3779245e-02   1.2479634e-01   1.9039638e-03  -1.2628291e-04  -9.9854901e-04
   1.9788697e-02  -2.2469114e-02   3.0121100e-02   1.5681806e-03  -5.6534249e-04  -7.2970847e-04
   9.3895109e-03  -1.3857278e-01  -4.7808099e-02   2.8735858e-03  -1.3402914e-04  -1.8127805e-04
  -3.6510688e-02  -1.0526393e-01   6.4643530e-02   3.7009169e-03  -2.5809704e-04  -1.7060670e-05
  -2.2032348e-02  -2.7836897e-02   1.0843115e-01   4.8051474e-03  -2.2826339e-04  -8.9453943e-04
  -2.8614286e-02  -6.7089939e-03   9.9326725e-02   3.1090102e-03   3.9826939e-04  -1.4060090e-03
  -3.2128308e-02   6.7340944e-02   1.0453107e-01   1.5945892e-03   1.1380707e-04  -1.1521486e-03
  -2.0300896e-02  -2.6319963e-02   1.2004834e-01   3.4871973e-03   2.0748509e-04  -1.3483256e-03
  -6.6181832e-03   6.8946673e-02   1.1723846e-01   9.7813177e-04  -7.4775735e-05  -1.1167060e-03
   3.4238407e-03   2.2957532e-02  -5.1112166e-03   1.0521578e-04  -6.7012365e-05  -1.0293461e-03
  -1.8503654e-03  -9.7898036e-02  -4.1602808e-02   1.6340056e-03  -6.2437847e-05  -6.2922951e-04
  -4.5247453e-02  -7.6334102e-02   8.8236322e-03   2.9461706e-03   2.6037589e-04  -1.3575393e-04
  -1.4115610e-02   2.3951731e-02  -1.8179895e-03   2.1160099e-03   2.5641904e-04  -6.5883148e-04
  -1.4013176e-02  -4.9565560e-02   2.9686522e-03   3.1381342e-03   2.4920338e-04  -9.2105109e-04
  -1.9210782e-02   2.7950627e-02   5.2025702e-02   4.9117682e-03   2.9005728e-04  -1.4367775e-03
  -2.8389519e-02   2.6434825e-02   4.3221282e-02   3.0162839e-03   2.2631969e-04  -1.3051617e-03
  -2.3817201e-02   2.7391273e-02   1.3222809e-01   4.4145525e-03   2.7116728e-04  -1.5102013e-03
   2.2051559e-03   5.7984714e-02   6.5913641e-02   1.5981519e-03   2.8608403e-05  -1.1787221e-03
  -7.2451418e-03  -5.6843614e-02   3.4525450e-03   1.8189464e-03  -5.4045464e-05  -8.5546957e-04
  -4.7899938e-02  -6.2662724e-02  -5.8239698e-03   2.8144108e-03  -2.2222422e-04   1.5330731e-04
  -3.5143499e-02  -4.0788563e-03   2.2412953e-02   4.0520440e-03  -2.7416443e-04  -9.7077625e-04
  -3.6516339e-02  -8.7926785e-02   6.9922948e-03   1.5993538e-03  -1.2493532e-04  -1.1265880e-03
  -4.2800172e-02  -2.1402391e-02   3.7322637e-03   2.9983889e-03   2.5932502e-04  -1.1049894e-03
  -2.3609492e-02   2.6740998e-02  -1.6170580e-02   2.1025033e-03   1.2940092e-04  -1.3362639e-03
  -3.7919840e-02  -1.0973975e-03   3.3414109e-02   2.4108329e-03   4.0790593e-04  -1.2257804e-03
  -1.9673056e-02   3.3806521e-02  -8.6381087e-04   1.2179526e-03  -1.3228583e-04  -1.1007970e-03
  -2.8199560e-02  -5.9063478e-02  -2.3548147e-02   2.3285903e-03   6.1368187e-05  -5.4349246e-04
  -4.5492871e-02  -6.6437845e-02   2.3760012e-02   2.6103929e-03  -7.7161425e-05   1.3765936e-04
  -3.2872794e-02   3.1468473e-02   3.3679734e-02   2.7485600e-03  -2.9372766e-04  -6.9717409e-04
  -3.9519424e-02  -3.5209965e-02   6.0015962e-02   3.3745570e-03   4.6709288e-04  -1.1390969e-03
  -2.8326358e-02   1.4178191e-01  -2.1925696e-03   3.6263877e-05   3.6931121e-05  -7.4188571e-04
  -3.1584777e-02  -1.2758911e-02   2.4037000e-02   1.2064343e-03   8.3693378e-05  -5.1947950e-04
  -2.3225234e-02   8.0093231e-02   2.3003512e-03   2.2447637e-04  -8.2514905e-05  -7.0150875e-04
  -3.5067590e-02   3.9098526e-02   4.1829160e-02   8.2632581e-04   2.3992645e-04  -6.3548533e-04
  -3.6312703e-02   3.0479367e-02   5.4998871e-02   8.6097510e-04   2.5945848e-04  -3.7768320e-04
  -3.0815643e-02   5.7604554e-02   1.2690403e-01   1.5291614e-03   2.1988497e-04  -4.7025949e-04
  -1.1018233e-02   1.0931240e-01   5.8245081e-02  -9.4913377e-04  -3.0566135e-04  -4.5178552e-04
  -1.5389937e-02   1.8308863e-02   1.0000338e-01   2.4412928e-03  -2.7102310e-04  -6.2697586e-04
  -2.0930577e-02   4.3702105e-02  -8.2419888e-02  -5.6718592e-04  -1.5872012e-04  -2.2956961e-04
  -2.8901380e-02  -3.8668585e-02  -4.4834248e-02   1.1961547e-03  -2.2229371e-04  -5.6286308e-04
  -6.2248056e-02  -1.5780560e-02   1.1006459e-01   1.0306093e-03  -5.2550581e-04   5.3491528e-04
  -1.7668697e-02   1.4967677e-01   1.3217010e-01   1.7139996e-03  -4.2259163e-04  -9.2807616e-04
  -2.7760410e-02  -1.6754801e-04   1.1341889e-01   8.7818920e-04   4.3154177e-04  -7.7056008e-04
  -1.9686642e-02   1.1050638e-01   5.8808212e-02  -5.2041148e-04   3.7251415e-04  -4.8182929e-04
  -2.1394931e-02   1.4399486e-01   8.4528111e-02  -5.0988003e-04   1.5876446e-04  -4.6429855e-04
  -2.5462980e-02   1.2809152e-01   1.1117269e-01  -6.2178786e-04   2.2532824e-04  -5.9771443e-04
  -9.6895695e-03   1.7015089e-02   3.3521500e-02  -4.0207400e-04  -2.5246726e-04  -5.3493352e-04
  -3.9391857e-02  -3.5713684e-02  -1.8608081e-02   1.1204419e-03   1.5548698e-04  -2.6792846e-04
  -7.3361063e-02  -3.6379632e-02   4.5013960e-02   9.2257383e-04   5.9619198e-05   3.9316878e-05
  -4.4349012e-02  -9.5785566e-03   1.3052429e-01   2.2871135e-03  -8.3635740e-04   1.6523113e-05
  -1.7509720e-02  -5.9693400e-03   1.0626318e-01  -6.5196671e-04  -7.0189148e-04  -3.2977756e-05
  -2.6494216e-02   3.6122637e-02   7.4010987e-02   1.0474314e-04  -2.9228257e-05  -6.7069843e-05
  -2.2073802e-02   9.4071207e-02   2.1936232e-02  -7.7512028e-04  -2.0335893e-04  -3.6282445e-05
  -3.1027758e-02   7.7564545e-02   7.7090583e-02  -5.1784890e-04   6.1430424e-05  -9.1548143e-05
  -5.2749805e-03   7.3098997e-02   3.7370299e-02  -1.3065061e-03  -1.0583053e-03  -3.5474082e-04
  -2.2874300e-02  -4.0716419e-02   3.3384081e-02  -1.3417691e-04  -6.5980645e-04   1.7961599e-05
  -6.0667359e-02  -5.3630859e-02   5.7386170e-02   6.3163852e-04  -6.4027693e-04   8.2981396e-04
  -1.6665984e-02   9.5694396e-02   1.0101091e-01   9.8610846e-04  -1.1061238e-03   1.6846287e-04
  -2.0959895e-02  -2.1230187e-02   8.2409750e-02  -1.2710816e-04  -4.3878756e-04  -1.9604975e-04
  -2.7198657e-02   1.3594892e-01   2.3378038e-02  -1.8556003e-03   7.8058738e-05  -4.0907908e-04
  -4.2111352e-02   3.2011724e-02   3.1175658e-02  -9.2354644e-04   1.9490495e-05  -5.2987569e-04
  -2.5079354e-02   1.9276515e-01   5.6740658e-02  -2.4042314e-03  -3.5317431e-04  -4.4880942e-04
  -1.7682038e-02   8.6980837e-02   7.4269021e-02  -1.7507920e-03  -5.6974478e-04  -5.9112365e-04
  -1.8051829e-02  -9.1507350e-03   4.4817198e-02   3.9058451e-04  -4.1105279e-04  -5.0148173e-04
  -1.8274918e-02   6.4303218e-03   9.7505034e-02   1.2866413e-03  -9.3713594e-05  -4.1324811e-04
  -2.4219940e-02   5.0643110e-02   1.0859781e-01   1.0227867e-03  -2.1875122e-04  -4.4689947e-04
  -1.8332361e-02   6.6267581e-02   1.0947213e-01   8.8577770e-04  -8.8752350e-05  -5.6558801e-04
  -2.7272032e-03   1.1575959e-01   1.1412664e-01  -1.3503454e-03  -3.5587143e-04  -6.6213298e-04
  -3.7116216e-03   1.1311620e-01   1.2899107e-01  -1.8059978e-03  -3.1513970e-04  -5.8619945e-04
   7.8986339e-03   6.8449105e-02   2.1709185e-01   7.4629424e-04  -5.3970312e-04  -9.3237224e-04
   3.9942980e-03   9.9221828e-02   1.0766356e-01  -1.4460585e-03  -7.9160906e-04  -9.8619113e-04
  -6.5390980e-03   1.1478797e-03   4.4199542e-02  -8.2142343e-04  -1.9607303e-04  -7.8383631e-04
  -5.3118593e-02  -1.3553666e-02   6.8787500e-02   3.7663665e-04  -4.7537657e-05  -2.3344036e-04
  -4.2836754e-02   4.2118729e-02   1.0017799e-01   1.8403860e-03  -2.8402459e-04  -7.8255869e-04
  -3.2718833e-02  -1.5182170e-02   2.7583352e-02  -8.7844303e-04  -1.7082956e-04  -7.5329156e-04
  -2.8918153e-02   6.5872098e-02   4.0705418e-02   4.1652552e-06  -4.8410840e-05  -7.8525792e-04
  -2.0655921e-02   1.0640728e-01   1.6376013e-02  -1.5210616e-03  -3.0650039e-04  -8.4201479e-04
  -1.8259817e-02   9.9646799e-02   6.2216349e-02  -1.3414874e-03  -1.4724393e-04  -8.5606354e-04
  -1.9519265e-02   4.6848207e-02   7.2529492e-02  -1.3919674e-03  -1.0629564e-04  -7.2307521e-04
  -1.3424036e-02   1.4489861e-01   1.0476451e-01  -1.5668743e-03  -6.8173032e-05  -9.8253310e-04
  -2.3081688e-02   3.7138927e-02   8.1081958e-02  -1.1878245e-03   1.8603347e-04  -7.6042353e-04
  -1.1387041e-02   1.6460677e-01   6.5755648e-02  -2.7601225e-03  -8.9140042e-05  -7.8302364e-04
  -1.7385222e-02   1.1128033e-01   8.9424575e-02  -2.2748533e-03   4.8941283e-06  -7.5174192e-04
  -2.0590125e-02   7.1581163e-02  -5.8058386e-03  -2.4627563e-03  -2.6353665e-04  -6.8904988e-04
  -4.6941994e-02   4.4724610e-04  -6.2612127e-02  -9.6179005e-04   3.3138922e-04  -6.1706248e-04
  -6.9743152e-02   1.7445808e-02   1.1222032e-02   2.4777599e-04   3.0534761e-05  -2.7536361e-04
  -2.8922141e-03   1.8987740e-01   1.2407420e-01   8.1149364e-04  -1.2449341e-03  -8.4078491e-04
  -1.8969854e-02   1.4813156e-03   4.4483732e-02  -9.9206067e-04  -2.4146057e-05  -9.1319576e-04
  -1.7172759e-02   1.0784089e-01   5.6072027e-02  -3.2591779e-04  -7.4953420e-05  -1.1096295e-03
  -2.9261139e-02   5.8708803e-02   4.5259691e-02  -2.1192463e-03  -1.6703937e-06  -8.4497090e-04
  -1.7817920e-02   1.7975665e-01   8.7637029e-02  -2.9040215e-03  -3.6163216e-04  -9.3746170e-04
  -1.6453542e-02   1.1216579e-01   1.1992121e-01  -2.0676286e-03  -4.3632047e-04  -1.1485336e-03
  -7.1220641e-03   3.1612486e-02   7.2154996e-02  -1.3635531e-03  -1.8574338e-04  -1.0630237e-03
  -4.3497927e-02   4.3813416e-02   7.7000901e-02  -2.6942954e-06  -1.5653701e-04  -3.7385972e-04
  -4.8194747e-02   8.0358373e-02   6.3252280e-02  -1.1192893e-03   1.2726054e-04  -8.6004340e-04
  -2.3079994e-02   8.9525696e-02   6.9536443e-02  -1.0747506e-03   1.5340943e-04  -9.0234975e-04
  -3.5600348e-02   7.4023187e-02   6.6660475e-02  -1.5956451e-03   3.9841667e-04  -8.2822345e-04
  -1.2654222e-03   1.7176188e-01   6.0096043e-02  -2.9737945e-03  -1.2430605e-04  -1.1357140e-03
  -1.9111480e-02   9.9700114e-02   1.3019131e-01  -1.9390057e-03   2.8847843e-04  -1.0339748e-03
   2.2631889e-02   1.5254640e-01   6.6038160e-02  -2.8634207e-03  -3.6713927e-04  -1.2537698e-03
   1.4404334e-02   1.6467070e-02   3.9660486e-02  -1.9136299e-03  -1.1841331e-04  -6.9399224e-04
  -5.6109857e-02   2.1466121e-02   6.6320921e-02  -1.5112783e-04  -3.2723931e-04  -1.1274871e-04
  -6.0087378e-02   4.9884923e-02   1.1292194e-01   1.9591641e-03  -9.5547100e-05  -5.5963775e-04
  -3.1284220e-02   2.1331527e-01   8.5843937e-02  -1.7387534e-03   1.0219082e-04  -1.2462180e-03
  -3.8546166e-02   2.9356574e-02   7.7604450e-03  -1.3220402e-03   7.5176343e-04  -8.3482264e-04
  -3.2400367e-02   1.7375583e-01   2.4339750e-02  -2.3869944e-03   5.8824694e-04  -9.2093066e-04
  -3.1040975e-02   9.7417936e-02   8.4769699e-02  -1.1326731e-03   4.1153177e-04  -1.0651762e-03
  -2.0417893e-03   1.5331062e-01   1.1563114e-03  -3.2774042e-03   1.9814264e-06  -1.2834923e-03
   9.9505165e-03  -2.0994945e-02   3.3136954e-03  -1.0078238e-03   1.4117764e-05  -5.0831510e-04
  -1.8570797e-02  -4.8121725e-03  -3.4949517e-03   3.8356866e-05   2.0865120e-04  -7.2138419e-04
  -2.7041359e-02   2.2500151e-02   7.9185032e-02   2.0968643e-03  -3.4929361e-04  -5.2570189e-04
  -1.9299353e-02  -3.2314955e-02   7.5056090e-02   8.6695711e-04  -3.1535905e-04  -7.7580782e-04
  -2.1924901e-02   1.1327430e-01   3.2701745e-02  -7.3625642e-04   1.8705342e-04  -5.9973123e-04
  -1.2628166e-02   1.3132980e-01   1.2250818e-02  -1.5050267e-03  -8.1363042e-06  -1.0515922e-03
  -1.5729618e-02   1.0874237e-01   1.1124485e-01  -1.3122852e-03  -1.5169918e-04  -1.1948284e-03
   1.7686666e-02   1.3990245e-01   5.7982001e-02  -1.9127903e-03  -6.5777883e-04  -1.4267024e-03
   1.2976519e-02   3.6300749e-02   1.6615422e-02  -1.1484568e-03  -2.2254157e-04  -8.6966832e-04
  -2.0218335e-02  -4.4641725e-03   7.2455573e-03  -3.3554080e-04  -7.6268512e-05  -4.3073489e-04
   5.7394054e-03   1.8264891e-01   6.3338750e-02  -4.9456869e-04  -7.1244341e-04  -6.7923179e-04
  -3.5821635e-03   4.0765756e-02   6.3231813e-02  -2.5415853e-04  -2.7467098e-04  -9.5801000e-04
   3.4345036e-03   1.1332802e-01   4.2206821e-02  -2.5934208e-03  -4.8234857e-04  -8.8020133e-04
   6.4365032e-03   1.2210924e-01   9.3320103e-02  -3.6401146e-04  -4.3140039e-04  -1.2092087e-03
   1.0818825e-02   1.1123999e-01   5.0742296e-02  -5.6081390e-04  -4.8792147e-04  -1.0658563e-03
   2.6209949e-03   1.5542555e-01   1.1670305e-01  -5.0905485e-04  -5.3655538e-04  -1.0915843e-03
   6.7273851e-03   1.4337509e-01   6.7820352e-02  -2.3232770e-03  -8.1412781e-04  -9.9777846e-04
  -8.4666086e-03   9.4972680e-02   8.8673605e-02  -1.7744771e-03  -3.8337628e-04  -1.0195952e-03
   4.4632738e-03   1.5373872e-01   4.5976515e-02  -2.7857032e-03  -6.8840056e-04  -9.2810641e-04
   2.6685833e-03   1.2986809e-01   1.0072099e-01  -1.9622417e-03  -7.9692263e-04  -8.5565774e-04
   1.2435200e-02   1.3501262e-01   3.8061126e-02  -2.7368948e-03  -1.0056631e-03  -6.3592756e-04
   1.8946484e-02   6.6046249e-02   1.0809307e-02  -1.9774025e-03  -6.4756820e-04  -7.5229602e-04
  -2.9794943e-02   6.6287855e-02  -7.9942635e-03  -1.3005862e-03  -3.7303994e-04  -4.6908565e-04
  -6.9759034e-03   1.2953757e-01   5.7894672e-02  -1.5359494e-03  -6.1441656e-04  -5.2917111e-04
  -5.2929259e-03   9.5070350e-02   8.0005490e-02  -8.6984448e-04  -3.3576161e-04  -8.7288599e-04
   4.3243599e-03   1.9404619e-01   5.3741667e-02  -2.5788297e-03  -3.7451870e-04  -8.1685238e-04
   4.4703128e-03   7.7752571e-02   3.6802842e-02  -1.6427313e-03  -2.9341079e-04  -8.0274692e-04
  -8.1830096e-04   1.8699721e-01   6.8054787e-02  -2.3545127e-03  -2.3670238e-04  -7.4317766e-04
   1.4919315e-02   1.4155612e-01   8.0425444e-02  -1.9868243e-03  -3.6417351e-04  -6.2066137e-04
   2.5357125e-03   1.2616347e-02  -4.1329465e-02  -1.7158960e-03  -2.0637107e-04  -4.1433695e-04
  -2.9290830e-02  -3.6322308e-03   4.4262476e-02  -1.6000030e-04  -2.5738580e-04   6.3439281e-06
  -6.8344200e-03   2.3667721e-01   8.4613472e-02  -1.5725820e-03  -7.4677143e-04  -4.9143488e-04
   1.4072706e-02  -1.7998985e-02   1.1138850e-01   1.5472400e-03  -8.6104872e-04  -4.3345075e-04
  -8.4303024e-03   1.0299129e-01   4.7992336e-02  -1.6164183e-03  -2.7278901e-05  -4.0030446e-04
  -4.2701456e-04   1.2408740e-01   1.4277575e-02  -1.9882417e-03  -6.5199398e-04  -2.5101698e-04
  -4.7308176e-03   1.4410807e-01   9.4444404e-02  -1.8512411e-03  -4.6375679e-04  -3.8929282e-04
   1.3474663e-02   1.0053258e-01   6.6157086e-02  -2.4200895e-03  -8.0325059e-04  -5.0284081e-04
   1.5182458e-02   6.7272928e-02   2.2914284e-02  -1.3981942e-03  -2.2981688e-04   3.1944448e-05
  -6.2601530e-02  -1.3952610e-02   6.1083763e-02  -5.5843854e-04  -2.0905304e-04   3.3362638e-04
  -6.7444796e-03   2.2904585e-01   1.1390781e-01  -1.1006468e-03  -1.0944276e-03   1.4792824e-04
  -2.7413720e-03  -9.2291240e-03   9.2175905e-02  -1.3431391e-04  -7.9979750e-04   1.2101324e-05
  -7.4733214e-03   8.0245876e-02   5.0520730e-02  -1.3480524e-03  -4.6739363e-04  -1.2850258e-04
   1.4343225e-03   7.3747192e-02   4.5730750e-02   4.3581949e-04  -6.0890792e-04  -8.0081842e-05
   1.6132675e-04   8.8425649e-02   8.8136758e-02   5.6648579e-04  -6.6494712e-04  -2.6949774e-05
   1.2626817e-02   1.5037339e-01   4.9044089e-02  -1.7974474e-03  -1.3887128e-03   2.4130237e-04
  -9.0513002e-03   2.1110724e-02   2.6686064e-02   4.8163544e-06  -9.3312015e-04   2.4237336e-04
  -2.2855931e-02   3.9300287e-02   8.5408179e-02   5.2740973e-04  -6.6288078e-04   7.0528523e-04
  -5.7186767e-03   1.0645545e-01   1.8003103e-01   2.5033960e-03  -1.3709327e-03   3.1753774e-04
   4.2664051e-03   9.3989234e-02   1.0473289e-01  -6.6912157e-04  -1.2031592e-03  -1.6172168e-04
  -1.3998038e-02   7.7918254e-02   6.9948499e-02  -6.7195837e-04  -6.2132004e-04  -1.3847845e-06
  -7.6016873e-03   1.7703171e-01   1.1210097e-01  -7.7376034e-04  -8.9838072e-04   1.1845189e-04
   2.2056325e-03   1.3017469e-01   1.1532127e-01  -1.0506407e-03  -1.1031265e-03  -5.8379375e-05
   3.5614758e-03   1.0084465e-01   4.7815606e-02  -1.5394903e-03  -1.4357974e-03   1.9832095e-04
   6.4509877e-03   1.5877505e-02   2.0629300e-02  -7.9467027e-04  -1.5605119e-03   4.1259137e-04
  -8.0766567e-03   3.4636198e-02   8.2525648e-03  -4.1754538e-04  -8.6562045e-04   7.4002462e-04
   2.0243240e-03   5.5937552e-02   7.6202106e-02   1.4619625e-03  -8.1662429e-04   1.8138722e-04
   1.4158296e-02   1.9075912e-01   1.3369059e-01   5.5421140e-04  -1.0911296e-03   7.0041265e-05
   5.9229823e-03   7.7917074e-02   9.7554805e-02   4.4803204e-04  -8.5926158e-04  -1.0181359e-04
  -5.1806976e-03   8.2314403e-02   6.9809399e-02  -3.6400442e-04  -4.4956161e-04   4.1965646e-05
   5.3036278e-03   1.5199037e-01   7.4849939e-02  -7.0371170e-04  -8.2845821e-04   5.6898195e-05
  -7.7352042e-04   2.9493592e-02   1.3778545e-01   2.3940112e-03  -1.0696873e-03  -1.4142700e-04
   1.0523383e-02   6.7879190e-02   1.1741082e-01   2.3016033e-03  -1.2895611e-03  -1.0410151e-04
  -6.5488116e-03   2.8580642e-02   1.2938770e-01   2.6945257e-03  -9.3328710e-04  -1.2669962e-04
   6.4579418e-03   8.2728873e-02   1.0875255e-01   1.4820804e-03  -1.1890260e-03  -3.7405782e-04
